trna_id	ncrnaseq1_read_count	ncrnaseq2_read_count	norm.ncrnaseq1_read_count	norm.ncrnaseq2_read_count	codon_usage
chr14.trna9_tRNA-Ala-AGC-15-1	99	77	258.609204920367	268.571548158018	18.45
chr2.trna10_tRNA-Ala-CGC-3-1	511	374	1334.84145165967	1304.49037676751	7.37
trnaA2-A34G_tRNA-Ala-GGC	825	735	2155.07670766972	2563.63750514471	27.73
chr12.trna13_tRNA-Ala-TGC-3-2	6915	4228	18063.4611315589	14747.0195534039	15.82
chr14.trna7_tRNA-Arg-ACG-1-3	519	428	1355.73916518859	1492.83925469651	4.54
chr16.trna2_tRNA-Arg-CCG-1-3	2928	1940	7648.56315158418	6766.6078367085	11.42
chr16.trna13_tRNA-Arg-CCT-5-1	2510	2042	6556.65761969818	7122.37793946327	11.96
trnaR2-A34G_tRNA-Arg-GCG	3145	2130	8215.41363105609	7429.31685164387	10.42
chr15.trna4_tRNA-Arg-TCG-1-1	1145	719	2990.98524882646	2507.83043020279	6.17
chr1.trna84_tRNA-Arg-TCT-4-1	197	137	514.606195649618	477.848079190239	12.17
chr1.trna100_tRNA-Asn-GTT-6-1	8420	6583	21994.8434891867	22961.1233964186	19.1
chr1.trna67_tRNA-Asp-GTC-2-5	101497	72432	265131.90375558	252638.628262098	25.1
chr1.trna125_tRNA-Cys-GCA-7-1	982	837	2565.19433567475	2919.40760789949	12.62
chr1.trna110_tRNA-Gln-CTG-4-1	21029	15220	54932.2522249534	53086.4800385069	34.23
chr17.trna14_tRNA-Gln-TTG-1-1	26074	18157	68110.8728191277	63330.5662325341	12.34
chr1.trna115_tRNA-Glu-CTC-1-1	35072	30155	91615.5761107788	105178.896554611	39.59
chr1.trna131_tRNA-Glu-TTC-4-1	6635	5837	17332.0411580468	20359.1185272513	28.96
trnaG2-G33A_tRNA-Gly-ACC	1139	1261	2975.31196367977	4398.29509386052	10.75
chr1.trna130_tRNA-Gly-CCC-1-1	776	679	2027.0782123051	2368.31274284797	16.47
chr1.trna34_tRNA-Gly-GCC-1-1	2838	2543	7413.46387438384	8869.83697358233	22.22
chr1.trna116_tRNA-Gly-TCC-2-1	16377	12142	42780.2318078873	42350.5939965539	16.47
chr1.trna103_tRNA-His-GTG-2-1	6335	4138	16548.3769007123	14433.1047568555	15.09
chr14.trna10_tRNA-Ile-AAT-5-4	4137	2961	10806.730108642	10327.7968064401	16
chrX.trna10_tRNA-Ile-GAT-1-1	35	108	91.4274966890185	376.697755857999	20.82
chr19.trna10_tRNA-Ile-TAT-1-1	2919	2175	7625.05322386414	7586.27424991803	7.49
chr1.trna31_tRNA-iMet-CAT-1-1	10182	7078	26597.564893931	24687.6547774344	NA
chr14.trna1_tRNA-Leu-AAG-2-3	1713	1544	4474.72290937968	5385.38273189584	13.19
chr1.trna56_tRNA-Leu-CAA-4-1	2228	2052	5820.01321780381	7157.25736130198	12.93
chr1.trna33_tRNA-Leu-CAG-1-1	627	592	1637.85829782899	2064.86177285125	39.64
trnaL1-A35G_tRNA-Leu-GAG	2478	2524	6473.06676558251	8803.56607208879	19.59
chr11.trna4_tRNA-Leu-TAA-3-1	250	174	653.053547778704	606.901939993443	7.67
chr14.trna2_tRNA-Leu-TAG-2-1	480	502	1253.86281173511	1750.94697630292	7.15
chr1.trna118_tRNA-Lys-CTT-2-1	19257	15176	50303.408678298	52933.0105824166	31.86
chr1.trna51_tRNA-Lys-TTT-3-1	2313	1721	6042.05142404857	6002.74849844089	24.44
chr16.trna21_tRNA-Met-CAT-2-1	5284	3518	13802.9397858507	12270.5806028559	22.04
chr11.trna14_tRNA-Phe-GAA-2-1	393	373	1026.60017710812	1301.00243458364	20.28
chr1.trna62_tRNA-Pro-AGG-2-1	2284	1992	5966.29721250624	6947.98083026976	17.54
chr1.trna50_tRNA-Pro-CGG-1-1	2844	2343	7429.13715953053	8172.24853680825	6.92
trnaP10-C33G_tRNA-Pro-GGG	1442	1802	3766.81286358756	6285.27181533439	19.79
chr11.trna13_tRNA-Pro-TGG-2-1	520	453	1358.3513793797	1580.03780929327	16.92
chr19.trna8_tRNA-SeC-TCA-1-1	4104	3290	10720.5270403352	11475.3297849335	NA
trnaS33_tRNA-Ser-ACT	321	358	838.520755347855	1248.68330182559	12.13
chr17.trna33_tRNA-Ser-AGA-2-6	420	430	1097.12996026822	1499.81513906425	15.22
chr12.trna2_tRNA-Ser-CGA-4-1	410	390	1071.00781835707	1360.29745170944	4.41
chr11.trna6_tRNA-Ser-GCT-3-1	942	829	2460.70576803016	2891.50407042853	19.46
trnaS27-T16GT34G_tRNA-Ser-GGA	859	1004	2243.89199016763	3501.89395260584	17.68
chr10.trna2_tRNA-Ser-TGA-1-1	159	159	415.342056387256	554.582807235387	12.21
chr17.trna34_tRNA-Thr-AGT-1-2	1344	1020	3510.81587285831	3557.70102754777	13.12
chr16.trna16_tRNA-Thr-CGT-2-1	2362	1655	6170.04991941319	5772.54431430545	6.05
trnaT4-A35G_tRNA-Thr-GGT	7914	6185	20673.0631084826	21572.9224072382	18.89
chr1.trna53_tRNA-Thr-TGT-2-1	933	785	2437.19584031012	2738.03461433823	15.11
chr12.trna6_tRNA-Trp-CCA-4-1	526	468	1374.02466452639	1632.35694205133	13.17
chr2.trna12_tRNA-Tyr-ATA-1-1	NA	1	NA	3.48794218387036	12.19
chr14.trna16_tRNA-Tyr-GTA-5-4	2457	1872	6418.2102675691	6529.42776820531	15.31
chr3.trna3_tRNA-Val-AAC-1-1	351	270	916.8871810813	941.744389644997	11.03
chr1.trna83_tRNA-Val-CAC-1-1	17826	12272	46565.3301708127	42804.0264804571	28.12
trnaV2-C34G_tRNA-Val-GAC	22162	15605	57891.8909034865	54429.337779297	14.46
chr10.trna6_tRNA-Val-TAC-3-1	14373	10227	37545.3545688932	35671.1847144422	7.08
