codon	aa	wt_1	g1_1	g2_1	diff_wt_g1_1	diff_wt_g2_1	wt_2	g1_2	g2_2	diff_wt_g1_2	diff_wt_g2_2	avg_g1	sd_g1	avg_g2	sd_g2	padj_g1	padj_g2	site
GCC	A	0.327226708553875	0.434304450730039	0.403869460372353	0.107077742176164	0.076642751818478	0.386611089617753	0.440345065400206	0.499728036506653	0.053733975782453	0.1131169468889	0.0804058589793085	0.0377197389510241	0.094879849353689	0.0257911506726163	0.37739407900895	0.681740749721519	esite
GCG	A	0.391282820772687	0.450593430161017	0.453588798935009	0.05931060938833	0.062305978162322	0.415318466356365	0.440149901048125	0.477765307155028	0.02483143469176	0.062446840798663	0.042071022040045	0.0243804582376602	0.0623764094804925	9.96049253725744e-05	0.37739407900895	0.681740749721519	esite
GCU	A	0.534039227918729	0.670511667828936	0.609281086533371	0.136472439910207	0.0752418586146419	0.639324171165751	0.725380025036311	0.788673477895635	0.08605585387056	0.149349306729884	0.111264146890383	0.0356499098729094	0.112295582672263	0.0524018790987179	0.422308533891859	0.681740749721519	esite
GCA	A	0.568649889869422	0.629312627578506	0.572527994048923	0.060662737709084	0.00387810417950096	0.626322786876429	0.655476520786679	0.718024465876822	0.02915373391025	0.0917016790003931	0.044908235809667	0.0222802302545882	0.047789891589947	0.0621006453038969	0.443711927857558	0.717436690200901	esite
AGA	R	0.315870456722727	0.473022281397545	0.375161100756815	0.157151824674818	0.059290644034088	0.454538640711874	0.557248953070453	0.788798548069964	0.102710312358579	0.33425990735809	0.129931068516698	0.0384959625368635	0.196775275696089	0.194432630714271	0.442233481506876	0.681740749721519	esite
CGG	R	0.291955986880157	0.446621383090903	0.384452421976613	0.154665396210746	0.092496435096456	0.346456690797125	0.444355666713638	0.489151465560658	0.097898975916513	0.142694774763533	0.12628218606363	0.0401399207337378	0.117595604929995	0.0354955863828958	0.37739407900895	0.681740749721519	esite
AGG	R	0.368712993597747	0.515194983783448	0.427673623713511	0.146481990185701	0.058960630115764	0.386147145671017	0.488398542094546	0.426888604907237	0.102251396423529	0.04074145923622	0.124366693304615	0.0312757527851392	0.049851044675992	0.012882899276522	0.338532252197355	0.615279259678324	esite
CGA	R	0.486198756564841	0.67314851838242	0.563985324365635	0.186949761817579	0.077786567800794	0.594306100392672	0.74201505008853	1	0.147708949695858	0.405693899607328	0.167329355756718	0.0277474443505361	0.241740233704061	0.231865497921188	0.37739407900895	0.681740749721519	esite
CGC	R	0.363370516960391	0.552735923439984	0.469884106275798	0.189365406479593	0.106513589315407	0.424366102125347	0.563679197444675	0.46129886591209	0.139313095319328	0.036932763786743	0.16433925089946	0.0353923286354825	0.071723176551075	0.0492010735718763	0.37739407900895	0.681740749721519	esite
CGU	R	0.569711627325097	0.790066005970691	0.702617757357425	0.220354378645594	0.132906130032328	0.685094794991922	0.858500290206836	0.790845869569213	0.173405495214914	0.105751074577291	0.196879936930254	0.0331978738429706	0.11932860230481	0.0192015238557535	0.37739407900895	0.681740749721519	esite
AAC	N	0.49424479840843	0.550256741825903	0.515603728553877	0.056011943417473	0.021358930145447	0.573161713929845	0.615524789890962	0.735747677231068	0.042363075961117	0.162585963301223	0.049187509689295	0.00965120673390572	0.091972446723335	0.0998625928313066	0.501842001436012	0.681740749721519	esite
AAU	N	0.566934723353057	0.61818817265885	0.598811721811084	0.051253449305793	0.0318769984580271	0.678795587362831	0.710872176394474	0.847677607877804	0.032076589031643	0.168882020514973	0.041665019168718	0.0135600879417184	0.1003795094865	0.096877180153079	0.663100629080184	0.681740749721519	esite
GAC	D	0.688930802539956	0.661521386450767	0.662322727701463	-0.027409416089189	-0.0266080748384929	0.657405224196569	0.650299131111864	0.512670959522894	-0.007106093084705	-0.144734264673675	-0.017257754586947	0.0143566173770915	-0.085671169756084	0.0835278298681867	0.501842001436012	0.681740749721519	esite
GAU	D	1	1	1	0	0	1	1	0.785697174221285	0	-0.214302825778715	0	0	-0.107151412889357	0.151534981335569	NA	0.681740749721519	esite
UGC	C	0.245725601041738	0.333163757796321	0.297052216554468	0.087438156754583	0.05132661551273	0.316400110331152	0.370998096043444	0.268333528612239	0.054597985712292	-0.048066581718913	0.0710180712334375	0.0232215076393301	0.00163001689690852	0.0702816037663068	0.422308533891859	0.969796274765456	esite
UGU	C	0.313938396799482	0.392495923417148	0.349923669231623	0.078557526617666	0.035985272432141	0.400318293746943	0.431369919120497	0.283117027038569	0.031051625373554	-0.117201266708374	0.05480457599561	0.0335917449160901	-0.0406079971381165	0.108319240612757	0.481351272341544	0.681740749721519	esite
CAA	Q	0.614320228547006	0.646340564984866	0.627968043971686	0.0320203364378601	0.0136478154246801	0.692906515326108	0.677894235463415	0.540670316004176	-0.015012279862693	-0.152236199321932	0.00850402828758351	0.0332570819230661	-0.069294191948626	0.117297711717779	0.867910593368927	0.681740749721519	esite
CAG	Q	0.570281640303102	0.61316598023845	0.579671767932005	0.042884339935348	0.00939012762890301	0.559737366158636	0.567991135624647	0.458430579952122	0.00825376946601097	-0.101306786206514	0.0255690547006795	0.0244875112152268	-0.0459583292888055	0.0782745384294463	0.494290429561732	0.681740749721519	esite
GAG	E	0.402681086291843	0.46569917984862	0.40921782142864	0.063018093556777	0.00653673513679698	0.397760951771974	0.436148976525273	0.291739298633088	0.038388024753299	-0.106021653138886	0.050703059155038	0.0174160886720305	-0.0497424590010445	0.0795907996291638	0.37739407900895	0.681740749721519	esite
GAA	E	0.462748106591581	0.485408947610024	0.434170032389306	0.022660841018443	-0.028578074202275	0.499034364325253	0.554972653310362	0.347816495637637	0.0559382889851091	-0.151217868687616	0.039299565001776	0.023530709117812	-0.0898979714449455	0.0867194303239092	0.501842001436012	0.681740749721519	esite
GGC	G	0.525633979016389	0.604932104512106	0.564659091591786	0.079298125495717	0.039025112575397	0.490613994518518	0.520876387048382	0.405006062394492	0.030262392529864	-0.085607932124026	0.0547802590127905	0.0346734993006074	-0.0232914097743145	0.0881288710668881	0.471840728178464	0.856849658584544	esite
GGU	G	0.75296127215416	0.780537809591358	0.734622206504899	0.027576537437198	-0.018339065649261	0.699421979889112	0.691435321985393	0.500249846635504	-0.007986657903719	-0.199172133253608	0.00979493976673951	0.0251469765862243	-0.108755599451435	0.127868288365799	0.867910593368927	0.681740749721519	esite
GGA	G	0.65386786424509	0.702888582883678	0.655981069397866	0.0490207186385879	0.00211320515277602	0.691076218097716	0.708672577406578	0.664607545186283	0.0175963593088619	-0.0264686729114331	0.0333085389737249	0.022220377576492	-0.0121777338793285	0.0202104397982493	0.422308533891859	0.713547203766933	esite
GGG	G	0.409721179263003	0.442997352616927	0.415430641137149	0.033276173353924	0.005709461874146	0.351430388286266	0.370360103275256	0.360256212320053	0.01892971498899	0.00882582403378701	0.026102944171457	0.0101444779958553	0.00726764295396651	0.00220360081571531	0.663100629080184	0.916631136778572	esite
CAC	H	0.341391104570213	0.377769757287675	0.357360503176257	0.036378652717462	0.015969398606044	0.335859394519425	0.373490767487134	0.268544463480163	0.037631372967709	-0.067314931039262	0.0370050128425855	0.000885806983879384	-0.025672766216609	0.0588909142587717	0.338532252197355	0.725942035896257	esite
CAU	H	0.537445482890017	0.580983951331566	0.54876179294373	0.043538468441549	0.0113163100537129	0.54596857169382	0.599429741544947	0.391744524276022	0.053461169851127	-0.154224047417798	0.048499819146338	0.00701640945440197	-0.0714538686820425	0.11705470932815	0.37739407900895	0.681740749721519	esite
AUA	I	0.278209599443886	0.364169851497551	0.323054763898134	0.085960252053665	0.044845164454248	0.400070468795705	0.471337477166979	0.518497705146955	0.071267008371274	0.11842723635125	0.0786136302124695	0.0103896922454451	0.081636200402749	0.0520303820121262	0.501842001436012	0.681740749721519	esite
AUC	I	0.299778042916159	0.511881815060471	0.427897769878464	0.212103772144312	0.128119726962305	0.465124325870766	0.572814007486283	0.561118601717468	0.107689681615517	0.0959942758467019	0.159896726879914	0.0738319114643371	0.112057001404503	0.0227161243325199	0.422308533891859	0.681740749721519	esite
AUU	I	0.343941599190221	0.59009324549244	0.477811130552205	0.246151646302219	0.133869531361984	0.559967086759324	0.684036278128924	0.733622192616577	0.1240691913696	0.173655105857253	0.185110418835909	0.0863253317467561	0.153762318609618	0.0281326495190072	0.442233481506876	0.681740749721519	esite
CUG	L	0.274365701503339	0.426718059011857	0.347788786539317	0.152352357508518	0.073423085035978	0.353278639133911	0.428140090969781	0.354335294430585	0.07486145183587	0.00105665529667398	0.113606904672194	0.0547943448814165	0.037239870166326	0.0511707931989217	0.37739407900895	0.681740749721519	esite
CUA	L	0.360768130835594	0.548791064122262	0.451249985070768	0.188022933286668	0.090481854235174	0.525485915789857	0.612449386439037	0.881311489804417	0.08696347064918	0.35582557401456	0.137493201967924	0.0714598313340363	0.223153714124867	0.187626343601267	0.442233481506876	0.681740749721519	esite
UUA	L	0.403537928657048	0.598666222046988	0.502009860253103	0.19512829338994	0.098471931596055	0.619991277213513	0.740418313544181	0.766844762793782	0.120427036330668	0.146853485580269	0.157777664860304	0.0528217654297707	0.122662708588162	0.0342109249065808	0.471840728178464	0.681740749721519	esite
CUU	L	0.425452987930969	0.687353096016616	0.55173955710449	0.261900108085647	0.126286569173521	0.619520982645398	0.722029771955177	0.710488715743186	0.102508789309779	0.0909677330977879	0.182204448697713	0.112706682368683	0.108627151135654	0.0249741884927669	0.422308533891859	0.681740749721519	esite
UUG	L	0.360977894489142	0.5370118908485	0.444462782871674	0.176033996359358	0.083484888382532	0.504568799766225	0.564985903231484	0.754565557472311	0.060417103465259	0.249996757706086	0.118225549912308	0.0817534889851362	0.166740823044309	0.117741671946733	0.442233481506876	0.681740749721519	esite
CUC	L	0.267328934843237	0.436615332601097	0.36889635125238	0.16928639775786	0.101567416409143	0.3753770829997	0.461553366639378	0.478394042308995	0.086176283639678	0.103016959309295	0.127731340698769	0.0587677252781543	0.102292187859219	0.00102498161431828	0.412613124909825	0.681740749721519	esite
AAA	K	0.391403427683921	0.508516939789186	0.431333067621138	0.117113512105265	0.039929639937217	0.508579398620442	0.591226365482059	0.325103036435367	0.082646966861617	-0.183476362185075	0.099880239483441	0.0243715278658565	-0.071773361123929	0.157971899058449	0.443711927857558	0.681740749721519	esite
AAG	K	0.470970366136236	0.644544936901311	0.547195131268298	0.173574570765075	0.076224765132062	0.552860552147477	0.646323982036131	0.460310210211127	0.093463429888654	-0.09255034193635	0.133519000326864	0.0566471309623081	-0.00816278840214399	0.11934202270356	0.37739407900895	0.933392878410171	esite
AUG	M	0.402244561192076	0.58300123886262	0.525623424551126	0.180756677670544	0.12337886335905	0.576540342939215	0.645471555597667	0.92371027354935	0.068931212658452	0.347169930610135	0.124843945164498	0.0790725446193892	0.235274396984592	0.158244181222217	0.443711927857558	0.681740749721519	esite
UUC	F	0.362907796832539	0.604928684543089	0.496099524107011	0.24202088771055	0.133191727274472	0.520906852780754	0.655278042538901	0.56098972048359	0.134371189758147	0.040082867702836	0.188196038734349	0.0761198314148278	0.086637297488654	0.0658379059916498	0.412613124909825	0.681740749721519	esite
UUU	F	0.43663234303395	0.674587057134498	0.566212253829111	0.237954714100548	0.129579910795161	0.62275022756553	0.722027533718934	0.723234510253659	0.099277306153404	0.100484282688129	0.168616010126976	0.0980597355567987	0.115032096741645	0.0205737159373642	0.422308533891859	0.681740749721519	esite
CCG	P	0.274495742260086	0.381190249055726	0.337090024673662	0.10669450679564	0.062594282413576	0.284588994192734	0.364268184415763	0.324772423770118	0.079679190223029	0.040183429577384	0.0931868485093345	0.0191027135443946	0.05138885599548	0.0158468660126451	0.338532252197355	0.615279259678324	esite
CCC	P	0.239003182473955	0.341437200453104	0.297599247653919	0.102434017979149	0.058596065179964	0.267862585200313	0.318562105118993	0.345074806663328	0.05069951991868	0.077212221463015	0.0765667689489145	0.0365818143998399	0.0679041433214895	0.0131636103473739	0.37739407900895	0.681740749721519	esite
CCU	P	0.395753183892017	0.536433629323759	0.460243898368518	0.140680445431742	0.064490714476501	0.470221259707921	0.553772815395484	0.574003930798264	0.083551555687563	0.103782671090343	0.112116000559652	0.0403962253397676	0.084136692783422	0.0277836089677353	0.37739407900895	0.681740749721519	esite
CCA	P	0.356786175085087	0.485023816997973	0.40005171036442	0.128237641912886	0.043265535279333	0.433304320899531	0.51003966351171	0.557620655424383	0.076735342612179	0.124316334524852	0.102486492262533	0.0364176250822291	0.0837909349020925	0.057311569767096	0.37739407900895	0.681740749721519	esite
AGC	S	0.30623576848158	0.409461620560425	0.36186956022223	0.103225852078845	0.05563379174065	0.35914086745218	0.408222500786359	0.258203716395602	0.049081633334179	-0.100937151056578	0.076153742706512	0.0382857442364011	-0.022651679657964	0.110712375388691	0.37739407900895	0.797955080855041	esite
UCG	S	0.38398230253925	0.463913971260793	0.44736594780278	0.079931668721543	0.06338364526353	0.430902129317425	0.487606997534314	0.462767922689208	0.056704868216889	0.031865793371783	0.068318268469216	0.016423828142108	0.0476247193176565	0.0222864868010876	0.37739407900895	0.681740749721519	esite
UCU	S	0.475435258080803	0.570657956565385	0.526856430369453	0.095222698484582	0.05142117228865	0.568051469005551	0.609917540477832	0.659942660741176	0.0418660714722809	0.091891191735625	0.0685443849784315	0.0377288327816394	0.0716561820121375	0.0286166251857075	0.443711927857558	0.681740749721519	esite
UCA	S	0.41046294886001	0.492571213975331	0.445785018317136	0.082108265115321	0.035322069457126	0.506236007324479	0.539586126067274	0.529298020715726	0.0333501187427949	0.0230620133912469	0.057729191929058	0.0344772159380994	0.0291920414241865	0.00866916878191038	0.494290429561732	0.76374733363691	esite
UCC	S	0.319049943471511	0.387886185963877	0.364161598785212	0.068836242492366	0.045111655313701	0.381232453145792	0.408194723746432	0.428379847917554	0.02696227060064	0.047147394771762	0.047899256546503	0.0296093694798543	0.0461295250427315	0.00143948517552397	0.443711927857558	0.681740749721519	esite
AGU	S	0.412149936242785	0.478801467094157	0.439262553157902	0.066651530851372	0.027112616915117	0.476176179591251	0.464229888732172	0.331749003427061	-0.011946290859079	-0.14442717616419	0.0273526199961465	0.0555770527179511	-0.0586572796245365	0.121296950929715	0.553978695470881	0.681740749721519	esite
UAG	*	0	0.000804791261397365	0	0.000804791261397365	0	0	0	0	0	0	0.000402395630698683	0.000569073358373752	0	0	0.501842001436012	NA	esite
UAA	*	0.00471088473111005	0.00577589759175254	0.00543066015125449	0.00106501286064249	0.00071977542014444	0.00597866153887787	0.0078004204642062	0.0370460444000782	0.00182175892532833	0.0310673828612003	0.00144338589298541	0.000535100273975592	0.0158935791406724	0.0214589990143579	0.471840728178464	0.681740749721519	esite
UGA	*	0.00376360528085805	0	0.00778145015571569	-0.00376360528085805	0.00401784487485764	0.00320529321967399	0.00423737618122756	0.00679945455283645	0.00103208296155357	0.00359416133316246	-0.00136576115965224	0.00339106367666585	0.00380600310401005	0.000299589505409795	0.638891437435093	0.615279259678324	esite
ACA	T	0.455036157161742	0.542164394716809	0.492827660852786	0.087128237555067	0.037791503691044	0.585571527469057	0.618277034808488	0.638209559632105	0.0327055073394309	0.052638032163048	0.0599168724472489	0.0384826815861623	0.045214767927046	0.0104980809596332	0.56466141941273	0.76374733363691	esite
ACC	T	0.343152406426159	0.461765054907585	0.421660527504377	0.118612648481426	0.078508121078218	0.434616417955423	0.493199517848446	0.480920479180055	0.058583099893023	0.046304061224632	0.0885978741872245	0.0424473008784271	0.062406091151425	0.0227717091042081	0.422308533891859	0.681740749721519	esite
ACG	T	0.378140117491673	0.450642170937445	0.424779896840227	0.072502053445772	0.046639779348554	0.404831807077703	0.449938775587295	0.363336696999059	0.045106968509592	-0.041495110078644	0.058804510977682	0.0193712503295543	0.00257233463495501	0.0623207779730982	0.37739407900895	0.961030582741321	esite
ACU	T	0.479740327161658	0.636519739385158	0.572065811528869	0.1567794122235	0.0923254843672111	0.63161954901203	0.725249832405841	0.694833574458586	0.093630283393811	0.063214025446556	0.125204847808656	0.0446531772214961	0.0777697549068835	0.0205849100130288	0.443711927857558	0.681740749721519	esite
UGG	W	0.292504084028599	0.419039130863897	0.346037230268177	0.126535046835298	0.053533146239578	0.376263691849623	0.442164173611387	0.362740001915998	0.065900481761764	-0.013523689933625	0.096217764298531	0.0428751121377929	0.0200047281529765	0.0474163435829872	0.412613124909825	0.76374733363691	esite
UAU	Y	0.746129247624872	0.854602333794814	0.802728366984065	0.108473086169942	0.056599119359193	0.850199056284528	0.921987237993398	0.944955548650013	0.07178818170887	0.094756492365485	0.090130633939406	0.0259401447116046	0.075677805862339	0.0269813372050136	0.443711927857558	0.681740749721519	esite
UAC	Y	0.608651469354236	0.641361045494402	0.621706927139729	0.032709576140166	0.013055457785493	0.67272404315395	0.655927190006698	0.821304125704329	-0.016796853147252	0.148580082550379	0.00795636149645701	0.0350063318614656	0.080817770167936	0.0958303811890132	0.858465950393563	0.681740749721519	esite
GUA	V	0.387590188724608	0.590106584726813	0.491496907790243	0.202516396002205	0.103906719065635	0.540062885999357	0.656767753798073	0.618068609826785	0.116704867798716	0.078005723827428	0.15961063190046	0.0606779134966678	0.0909562214465315	0.0183147693724167	0.422308533891859	0.681740749721519	esite
GUG	V	0.338918410580283	0.498922708754816	0.429384192782514	0.160004298174533	0.090465782202231	0.42964794779646	0.513763958831106	0.639131599843626	0.0841160110346461	0.209483652047166	0.12206015460459	0.0536611224492459	0.149974717124699	0.0841583428497314	0.37739407900895	0.681740749721519	esite
GUU	V	0.525540356924212	0.717335805823457	0.627347896580693	0.191795448899245	0.101807539656481	0.661545883624849	0.768558132562127	0.777797192181669	0.107012248937278	0.11625130855682	0.149403848918262	0.0599507756238019	0.109029424106651	0.010213286935321	0.422308533891859	0.681740749721519	esite
GUC	V	0.393858476863395	0.550106849810449	0.48934070232929	0.156248372947054	0.095482225465895	0.484290365360401	0.582897137033257	0.592559796758203	0.098606771672856	0.108269431397802	0.127427572309955	0.0407587671394366	0.101875828431849	0.0090419200268803	0.37739407900895	0.681740749721519	esite
GCC	A	0.477681344562331	0.481038135452063	0.540265762278952	0.00335679088973195	0.0625844177166209	0.48680911696874	0.49728383268702	0.102399118035639	0.01047471571828	-0.384409998933101	0.00691575330400596	0.00503313291424239	-0.16091279060824	0.316072783165543	0.78422685200894	0.643001656873177	psite
GCG	A	0.433275544422433	0.440643426550757	0.497626540219983	0.00736788212832401	0.06435099579755	0.475556442992171	0.432230484031718	0.18070868694425	-0.043325958960453	-0.294847756047921	-0.0179790384160645	0.0358459587982675	-0.115248380125186	0.253991873223676	0.78422685200894	0.643001656873177	psite
GCU	A	0.72076022646687	0.745699287806866	0.799749213150359	0.024939061339996	0.078988986683489	0.776322082653908	0.777537723728728	0.160224066087177	0.00121564107481997	-0.616098016566731	0.013077351207408	0.0167749913424443	-0.268554514941621	0.491500733512866	0.875381855884803	0.643001656873177	psite
GCA	A	0.711507700775836	0.636801576818377	0.670322263492849	-0.074706123957459	-0.0411854372829871	0.763618060851983	0.679712049120453	0.152873593661069	-0.08390601173153	-0.610744467190914	-0.0793060678444945	0.00650530303120081	-0.325964952236951	0.402739052333927	0.566455394996811	0.643001656873177	psite
AGA	R	0.638151915300536	0.768507143535929	0.710391853976364	0.130355228235393	0.0722399386758279	0.750119180835933	0.849854305293527	0.10968896228038	0.099735124457594	-0.640430218555553	0.115045176346493	0.0216516830219174	-0.284095139939863	0.503933900927592	0.577423902909714	0.643001656873177	psite
CGG	R	0.427203249742136	0.48303210941139	0.524301980965335	0.055828859669254	0.097098731223199	0.456136347144697	0.480409169369692	0.0883220343797846	0.024272822224995	-0.367814312764912	0.0400508409471245	0.0223134880642121	-0.135357790770857	0.328743166066073	0.566455394996811	0.669793635160592	psite
AGG	R	0.429138199446931	0.470842835459725	0.445989281547296	0.041704636012794	0.016851082100365	0.386362091512811	0.404936717667768	0.173504838769494	0.018574626154957	-0.212857252743317	0.0301396310838755	0.0163553868193882	-0.098003085321476	0.162428321263038	0.78422685200894	0.643001656873177	psite
CGA	R	1	1	1	0	0	1	1	0.0613830413298673	0	-0.938616958670133	0	0	-0.469308479335066	0.663702416412344	NA	0.643001656873177	psite
CGC	R	0.421173413855924	0.465020528688474	0.476365172124191	0.04384711483255	0.055191758268267	0.44710885507842	0.462370081425941	0.127561520154479	0.015261226347521	-0.319547334923941	0.0295541705900355	0.0202132755940065	-0.132177788327837	0.264980553971908	0.566455394996811	0.643001656873177	psite
CGU	R	0.723706580533054	0.763947229076511	0.798561455215692	0.040240648543457	0.074854874682638	0.768244763791464	0.75549071526453	0.244117906570645	-0.012754048526934	-0.524126857220819	0.0137433000082615	0.0374729096654003	-0.224635991269091	0.423544044435797	0.819665334075557	0.643001656873177	psite
AAC	N	0.74599403770215	0.67566955290751	0.699358560653076	-0.07032448479464	-0.046635477049074	0.774057630021832	0.745360184637304	0.225590720501203	-0.028697445384528	-0.548466909520629	-0.049510965089584	0.0294347618476099	-0.297551193284852	0.354848408913196	0.6492593915289	0.643001656873177	psite
AAU	N	0.729265140999947	0.716562007376347	0.726840021792828	-0.0127031336236	-0.00242511920711896	0.85259162743637	0.816336430950915	0.1938197059726	-0.0362551964854549	-0.65877192146377	-0.0244791650545275	0.0166538233605495	-0.330598520335444	0.464107274685784	0.909095987355626	0.643001656873177	psite
GAC	D	0.710687282863588	0.567652482550762	0.595768893126316	-0.143034800312826	-0.114918389737272	0.63570936459941	0.499007365039692	0.345565432720624	-0.136701999559718	-0.290143931878786	-0.139868399936272	0.00447796635642598	-0.202531160808029	0.123903169085354	0.566455394996811	0.643001656873177	psite
GAU	D	0.84632305381319	0.762641298534262	0.767671803452868	-0.083681755278928	-0.0786512503603219	0.892422844130654	0.723380348067995	0.300097579196378	-0.169042496062659	-0.592325264934276	-0.126362125670793	0.0603591586552833	-0.335488257647299	0.36322237902456	0.566455394996811	0.643001656873177	psite
UGC	C	0.169050099763612	0.26567023961689	0.22631359339805	0.096620139853278	0.057263493634438	0.257371986706868	0.298529127329214	0.0674769854424802	0.041157140622346	-0.189895001264388	0.068888640237812	0.0392182628611363	-0.0663157538149749	0.17476744777082	0.6492593915289	0.643001656873177	psite
UGU	C	0.16766930634208	0.259562503618413	0.222337997911013	0.091893197276333	0.054668691568933	0.275859315616732	0.284141954770258	0.144737227774489	0.00828263915352601	-0.131122087842243	0.0500879182149295	0.0591215926274288	-0.038226698136655	0.131373920003577	0.765729252661846	0.669793635160592	psite
CAA	Q	0.394110791797472	0.401961612189708	0.39050491765094	0.007850820392236	-0.00360587414653202	0.567402793434223	0.45939983068613	0.111244375560605	-0.108002962748093	-0.456158417873618	-0.0500760711779285	0.0819209956846423	-0.229882146010075	0.320002972512644	0.819665334075557	0.643001656873177	psite
CAG	Q	0.388640395927984	0.390555439426916	0.388959333919229	0.00191504349893201	0.000318937991244994	0.487325910110968	0.404422094451834	0.118500345329704	-0.082903815659134	-0.368825564781264	-0.040494386080101	0.0599759904831751	-0.184253313395009	0.261024581148177	0.78422685200894	0.643001656873177	psite
GAG	E	0.362211836402181	0.365678311831532	0.319125722750716	0.00346647542935097	-0.043086113651465	0.301524061713626	0.311330010935798	0.262578396117615	0.00980594922217198	-0.038945665596011	0.00663621232576148	0.00448268490805814	-0.041015889623738	0.00292773889716221	0.945593179640669	0.643001656873177	psite
GAA	E	0.470403842576592	0.403875726678065	0.367160812431702	-0.066528115898527	-0.10324303014489	0.39267040826893	0.359885801413021	0.459953151294438	-0.032784606855909	0.067282743025508	-0.049656361377218	0.0238602640650648	-0.017980143559691	0.120579930575867	0.729127961481739	0.833063550401646	psite
GGC	G	0.313129786994984	0.42206973273433	0.406139328406247	0.108939945739346	0.093009541411263	0.384735849476338	0.420537251021002	0.129875259795655	0.035801401544664	-0.254860589680683	0.072370673642005	0.0517167605661717	-0.08092552413471	0.245981328667368	0.572896957220757	0.669793635160592	psite
GGU	G	0.400504909972047	0.51237889108269	0.457141006895226	0.111873981110643	0.056636096923179	0.503713822991157	0.488989638450509	0.210378041545199	-0.0147241845406479	-0.293335781445958	0.0485748982849975	0.0895184214178057	-0.118349842261389	0.24746748841941	0.765729252661846	0.643001656873177	psite
GGA	G	0.725575801328362	0.628637088454337	0.65499133061375	-0.096938712874025	-0.0705844707146119	0.737116736489506	0.65080352512929	0.123214322247529	-0.0863132113602161	-0.613902414241977	-0.0916259621171205	0.00751336417392221	-0.342243442478294	0.38418380220853	0.566455394996811	0.643001656873177	psite
GGG	G	0.331480689584578	0.36333654904899	0.369789949411798	0.031855859464412	0.03830925982722	0.362501237161949	0.336119932332729	0.104909669839799	-0.02638130482922	-0.25759156732215	0.00273727731759602	0.0411798937891022	-0.109641153747465	0.209233481436028	0.951935681666976	0.643001656873177	psite
CAC	H	0.282738974367208	0.3847911301341	0.312224989666282	0.102052155766892	0.029486015299074	0.255140165358971	0.315540793887055	0.259445823390203	0.060400628528084	0.00430565803123201	0.081226392147488	0.0294520773573373	0.016895836665153	0.017805201376791	0.566455394996811	0.669793635160592	psite
CAU	H	0.372155576588189	0.459210028455122	0.388801194285669	0.087054451866933	0.01664561769748	0.365614459179078	0.403699230015942	0.340086268395679	0.038084770836864	-0.025528190783399	0.0625696113518985	0.034626793528904	-0.00444128654295947	0.0298213859652923	0.566455394996811	0.873245201122936	psite
AUA	I	0.584264977482837	0.513677623459973	0.496277351883217	-0.070587354022864	-0.08798762559962	0.575616604013712	0.486505581260072	0.40255476626162	-0.08911102275364	-0.173061837752092	-0.079849188388252	0.0130982117719849	-0.130524731675856	0.0601565523171159	0.566455394996811	0.643001656873177	psite
AUC	I	0.590733221290837	0.635730438501443	0.578973017082614	0.0449972172106059	-0.0117602042082231	0.584447549839638	0.608329951429275	0.343208465340968	0.0238824015896371	-0.24123908449867	0.0344398094001215	0.0149304293090907	-0.126499644353447	0.162266072392471	0.566455394996811	0.643001656873177	psite
AUU	I	0.675647242006099	0.73359407129636	0.67317403024003	0.057946829290261	-0.00247321176606907	0.724102309201998	0.732751968133415	0.293771772468812	0.008649658931417	-0.430330536733186	0.033298244110839	0.034858363454047	-0.216401874249628	0.302540815864585	0.6492593915289	0.643001656873177	psite
CUG	L	0.291988582603043	0.343669180465632	0.347068909050504	0.051680597862589	0.055080326447461	0.370635347049935	0.347710593574498	0.155291385845667	-0.022924753475437	-0.215343961204268	0.014377922193576	0.052753949843923	-0.0801318173784035	0.191218847596079	0.891507349088421	0.643001656873177	psite
CUA	L	0.814848162403175	0.895256748164256	0.885061379557803	0.080408585761081	0.0702132171546279	0.86750631401257	0.989012575050079	0	0.121506261037509	-0.86750631401257	0.100957423399295	0.029060444878965	-0.398646548428971	0.663067839339396	0.572896957220757	0.643001656873177	psite
UUA	L	0.659880198368975	0.688033004975133	0.674674046508474	0.0281528066061579	0.0147938481394989	0.816419305264025	0.780623150223279	0.179953973279056	-0.035796155040746	-0.636465331984969	-0.00382167421729401	0.0452187444303642	-0.310835741922735	0.460509782576002	0.977431722388144	0.643001656873177	psite
CUU	L	0.578619983532235	0.702871502116816	0.681515446497521	0.124251518584581	0.102895462965286	0.706444348366877	0.774914476466957	0.0713041461342975	0.06847012810008	-0.635140202232579	0.0963608233423305	0.0394433994756054	-0.266122369633647	0.521870023618935	0.6492593915289	0.643001656873177	psite
UUG	L	0.614921152627682	0.729933152424222	0.696291364353186	0.11501199979654	0.081370211725504	0.749634472611478	0.773257417785803	0.135706797598391	0.0236229451743251	-0.613927675013087	0.0693174724854325	0.064621820249596	-0.266278731643792	0.491649850657534	0.75345479640137	0.643001656873177	psite
CUC	L	0.40805072213755	0.505240662985243	0.495226363706407	0.0971899408476929	0.087175641568857	0.468144179528189	0.53683767719376	0.0338571127834107	0.068693497665571	-0.434287066744778	0.082941719256632	0.0201500282137756	-0.173555712587961	0.368729817184474	0.566455394996811	0.643001656873177	psite
AAA	K	0.23485835949628	0.319345962084855	0.274352559666931	0.084487602588575	0.039494200170651	0.329834875808	0.318972256380021	0.478734852446685	-0.010862619427979	0.148899976638685	0.036812491580298	0.0674227885755482	0.094197088404668	0.0773615664415264	0.78422685200894	0.643001656873177	psite
AAG	K	0.526535870139682	0.532673387564311	0.514077747435056	0.00613751742462909	-0.012458122704626	0.458234662039428	0.446340485980082	0.390798992177963	-0.011894176059346	-0.067435669861465	-0.00287832931735843	0.012750332738796	-0.0399468962830455	0.0388749964076041	0.977431722388144	0.669793635160592	psite
AUG	M	0.838711043716312	0.913149355405087	0.893095139820025	0.074438311688775	0.054384096103713	0.968485998956233	0.926253199914929	0.232352417448327	-0.0422327990413039	-0.736133581507906	0.0161027563237355	0.0824989335658054	-0.340874742702097	0.558980410487017	0.921031590658835	0.643001656873177	psite
UUC	F	0.417267613405071	0.567820183096255	0.544911072701452	0.150552569691184	0.127643459296381	0.535911050115147	0.627379275349806	0.0296211116834166	0.091468225234659	-0.50628993843173	0.121010397462922	0.0417789406271706	-0.189323239567675	0.448258604354176	0.572896957220757	0.643001656873177	psite
UUU	F	0.472996434733089	0.674679404048695	0.626603961558171	0.201682969315606	0.153607526825082	0.659902848718292	0.73650891686879	0.063400232658364	0.0766060681504981	-0.596502616059928	0.139144518733052	0.0884427249836474	-0.221447544617423	0.530407968670801	0.6492593915289	0.643001656873177	psite
CCG	P	0.283202910607242	0.37167207122537	0.351982464252498	0.088469160618128	0.068779553645256	0.277110870392191	0.332814466629219	0.169147671301532	0.055703596237028	-0.107963199090659	0.072086378427578	0.0231687527632802	-0.0195918227227015	0.124975998985143	0.566455394996811	0.863746631853439	psite
CCC	P	0.300787374131714	0.398910790130634	0.359103967419174	0.09812341599892	0.05831659328746	0.327139349963314	0.363123165448615	0.0477410060592619	0.035983815485301	-0.279398343904052	0.0670536157421105	0.0439393329034031	-0.110540875308296	0.238800522196107	0.566455394996811	0.643001656873177	psite
CCU	P	0.482600929529265	0.62187977608366	0.564752551548408	0.139278846554395	0.082151622019143	0.54837031216749	0.608926906943832	0.108834838794188	0.060556594776342	-0.439535473373302	0.0999177206653685	0.055665038062536	-0.17869192567708	0.368888482809511	0.566455394996811	0.643001656873177	psite
CCA	P	0.492538761886014	0.560676174490591	0.52256343014447	0.0681374126045771	0.0300246682584561	0.543270269393846	0.561799844920333	0.134845761746152	0.0185295755264869	-0.408424507647694	0.043333494065532	0.035078037997915	-0.189199919694619	0.310030385488892	0.577423902909714	0.643001656873177	psite
AGC	S	0.192409259340386	0.24160730406431	0.222722661497687	0.049198044723924	0.030313402157301	0.257588679210791	0.244493865569789	0.132587293771234	-0.013094813641002	-0.125001385439557	0.018051615541461	0.0440477025693323	-0.047343991641128	0.109824139528287	0.819665334075557	0.643001656873177	psite
UCG	S	0.391990404121758	0.416613906271873	0.445534366454191	0.024623502150115	0.053543962332433	0.468203950603711	0.471609735373495	0.145222145957449	0.00340578476978398	-0.322981804646262	0.0140146434599495	0.0150031918409317	-0.134718921156915	0.266243923122101	0.909095987355626	0.643001656873177	psite
UCU	S	0.607055261602966	0.592582569146306	0.633684513741881	-0.0144726924566599	0.026629252138915	0.667164919333628	0.665309013385674	0.0798183060918316	-0.00185590594795393	-0.587346613241796	-0.00816429920230693	0.00892141529708897	-0.280358680551441	0.43414649789558	0.945593179640669	0.643001656873177	psite
UCA	S	0.556991043286422	0.47956306274733	0.513466920050597	-0.077427980539092	-0.043524123235825	0.57160402146805	0.5286340595999	0.0299504222325192	-0.0429699618681501	-0.541653599235531	-0.060198971203621	0.0243654986684757	-0.292588861235678	0.352230730388294	0.566455394996811	0.643001656873177	psite
UCC	S	0.437601612965416	0.420213464230922	0.450537572647621	-0.017388148734494	0.012935959682205	0.452522940681322	0.453209148583955	0.0445494839472411	0.000686207902633018	-0.407973456734081	-0.0083509704159305	0.0127805001436966	-0.197518748525938	0.297627902613228	0.852281781119556	0.643001656873177	psite
AGU	S	0.287383781748217	0.313946105771066	0.288592965245844	0.026562324022849	0.001209183497627	0.347152212500205	0.285724997427516	0.241977239391749	-0.061427215072689	-0.105174973108456	-0.01743244552492	0.0622179997679338	-0.0519828948054145	0.0752249585469729	0.819665334075557	0.643001656873177	psite
UAG	*	0	0.0136606576305221	0.00423387911075038	0.0136606576305221	0.00423387911075038	0	0	0.649872175216383	0	0.649872175216383	0.00683032881526105	0.00965954364600993	0.327053027163567	0.456535217370021	0.75345479640137	0.643001656873177	psite
UAA	*	0.0390876412782135	0.0250690726164184	0.0167982026303652	-0.0140185686617951	-0.0222894386478483	0.0389547111253216	0.0203157816651035	1	-0.0186389294602181	0.961045288874678	-0.0163287490610066	0.0032670884520934	0.469377925113415	0.695322654007405	0.566455394996811	0.643001656873177	psite
UGA	*	0.00834797471321306	0	0	-0.00834797471321306	-0.00834797471321306	0.0238123663597677	0.00345580612436314	0.51548087783697	-0.0203565602354046	0.491668511477202	-0.0143522674743088	0.00849135225520021	0.241660268381995	0.353565048090312	0.572896957220757	0.643001656873177	psite
ACA	T	0.538584248835154	0.553841858473143	0.568176073961796	0.0152576096379891	0.029591825126642	0.659433101673969	0.612101585863376	0.186379337746239	-0.0473315158105929	-0.47305376392773	-0.0160369530863019	0.0442571950332278	-0.221730969400544	0.355424104553853	0.921031590658835	0.643001656873177	psite
ACC	T	0.420947027465409	0.464323333326002	0.469546035972425	0.043376305860593	0.048599008507016	0.495374484754826	0.511985361194411	0.170783494415429	0.016610876439585	-0.324590990339397	0.029993591150089	0.0189260166449647	-0.13799599091619	0.263885178855298	0.794238062156624	0.643001656873177	psite
ACG	T	0.370261133157321	0.413326370768847	0.41202551059541	0.043065237611526	0.041764377438089	0.355169793907532	0.363788416063222	0.275088961597593	0.00861862215568998	-0.080080832309939	0.025841929883608	0.024357435377747	-0.019158227435925	0.0861575740679278	0.75345479640137	0.833063550401646	psite
ACU	T	0.543570932651217	0.627387045799294	0.641516714216888	0.083816113148077	0.097945781565671	0.689009850916968	0.701459916627399	0.2299789548779	0.0124500657104311	-0.459030896039068	0.048133089429254	0.0504634160896403	-0.180542557236698	0.393841985697064	0.819665334075557	0.643001656873177	psite
UGG	W	0.382255081534733	0.380214764375155	0.372546393930456	-0.00204031715957798	-0.00970868760427696	0.382717279770573	0.357874597637557	0.148907054286251	-0.024842682133016	-0.233810225484322	-0.013441499646297	0.0161237068998086	-0.121759456544299	0.158463717109314	0.693071034930933	0.643001656873177	psite
UAU	Y	0.771657995132467	0.823300163876249	0.857518651625071	0.051642168743782	0.085860656492604	0.941493318196695	0.895745728659836	0.0832521655106815	-0.045747589536859	-0.858241152686014	0.00294728960346152	0.06886495849836	-0.386190248096705	0.667580791400688	0.977431722388144	0.643001656873177	psite
UAC	Y	0.750021588677748	0.751044493090484	0.813591423779298	0.001022904412736	0.06356983510155	0.83972125132139	0.775298057609565	0.118028726776751	-0.0644231937118249	-0.721692524544639	-0.0317001446495445	0.0462773797860772	-0.329061344721544	0.55526433951637	0.794238062156624	0.643001656873177	psite
GUA	V	0.487921554629307	0.624106815662079	0.51639138178479	0.136185261032772	0.0284698271554831	0.597463314493477	0.676744161089643	0.20723935513043	0.079280846596166	-0.390223959363047	0.107733053814469	0.0402374973275738	-0.180877066103782	0.296061215687925	0.572896957220757	0.643001656873177	psite
GUG	V	0.505048500979764	0.641406979289007	0.612812540651198	0.136358478309243	0.107764039671434	0.588778795890641	0.696331257682167	0.0721222426299837	0.107552461791526	-0.516656553260657	0.121955470050385	0.0203689296186494	-0.204446256794612	0.441532035574807	0.566455394996811	0.643001656873177	psite
GUU	V	0.75463517790604	0.786821950095681	0.79035982922169	0.0321867721896411	0.0357246513156501	0.773833663460643	0.829106888804412	0.0130030689332133	0.055273225343769	-0.76083059452743	0.043729998766705	0.0163245875788294	-0.36255297160589	0.563249615925359	0.572896957220757	0.643001656873177	psite
GUC	V	0.63198241035396	0.649061165821145	0.661295953887805	0.0170787554671851	0.0293135435338451	0.59961937172808	0.680315922222939	0.0249422112676279	0.080696550494859	-0.574677160460452	0.048887652981022	0.0449845742682041	-0.272681808463304	0.427085922568004	0.566455394996811	0.643001656873177	psite
