gene_id	Symbol	baseMean.tumor.KO.WT	log2FoldChange.tumor.KO.WT	padj.tumor.KO.WT	gene_biotype	reg_tumor	tpm.Tumor_HDLBP_KO_2	tpm.Tumor_HDLBP_KO_3	tpm.Tumor_HDLBP_KO_4	tpm.Tumor_HDLBP_KO_5	tpm.Tumor_WT_1	tpm.Tumor_WT_2	tpm.Tumor_WT_3	tpm.Tumor_WT_4	tpm.Tumor_WT_5	tpm.Tumor_WT_6	tpm.Tumor_WT_7	tpm.Tumor_WT_8
ENSG00000162825.12	NBPF8	1028.54137825363	8.36551782860996	1.07688362520681e-29	protein_coding	up_tumor	552.38	98.91	695.85	147.89	0.51	1.25	2.09	0.12	0.29	0.12	0.11	0.35
ENSG00000160229.7	ZNF66	52.4375686852897	4.83617793819764	3.86243641559383e-12	protein_coding	up_tumor	18.88	6.81	31.51	13.16	1.25	0.58	0.48	0.28	0	2.09	0.43	1.02
ENSG00000186960.6	C14orf23	261.843513619947	4.81336705497251	3.29335909941057e-07	protein_coding	up_tumor	108.75	15.31	736.86	85.62	20.24	6.84	1.04	7.77	6.67	14.07	7.81	17.95
ENSG00000170370.10	EMX2	217.569405377698	4.57967199143956	8.0908419612935e-13	protein_coding	up_tumor	69.57	5.18	34.15	6.09	2.18	1.46	0.88	0.73	0.79	1.67	1.34	2.34
ENSG00000254462.1	TMX2-CTNND1	2.90874723116335	4.47553829255277	0.0379286105627023	protein_coding	up_tumor	4.64	0	1.96	0	0.53	0	0	0	0	0.35	0	0
ENSG00000254901.3	MEF2BNB	856.594849922208	4.46758372138427	1.81467965776721e-08	protein_coding	up_tumor	184.62	12.06	90.06	11.35	12.65	10.17	10.4	18.39	9.93	7.88	15.82	13.65
ENSG00000166501.8	PRKCB	221.352185202311	4.39255174765776	1.29836157448775e-08	protein_coding	up_tumor	19.51	1.41	12.51	1.55	1.05	0.68	0.53	1.01	0.79	0.86	1.28	1.42
ENSG00000085276.13	MECOM	245.832824160471	4.37966262347544	1.13239282549216e-14	protein_coding	up_tumor	139.21	13.91	190.42	20.6	2.93	1.99	3.19	2.73	1.8	5.36	3.3	4.71
ENSG00000143156.9	NME7	1175.83641323977	4.12099440198535	6.14453867815229e-14	protein_coding	up_tumor	148.42	30.86	181.51	37.16	29.41	37.42	21.5	26.2	15.14	21.42	20.88	27.38
ENSG00000159184.7	HOXB13	304.219073815995	4.02424494233603	4.44557265834806e-11	protein_coding	up_tumor	54.14	4.58	45.88	6.18	2.43	3.18	2.32	2.47	1.4	1.99	2.36	2.66
ENSG00000215014.3	AL645728.1	34.6100365621541	3.99338929643757	2.10178824724651e-19	protein_coding	up_tumor	9.11	9.74	22.9	8.56	0.62	0.41	0.77	1	1.05	1.6	0.74	1.56
ENSG00000196081.5	ZNF724P	113.871512047065	3.97478442102243	1.14845925568392e-15	protein_coding	up_tumor	58.74	23.91	93.68	29.29	3.59	2.57	1.06	3.44	3.46	4.48	5.42	6.37
ENSG00000213420.3	GPC2	149.16427247728	3.89418327866139	1.62202625139088e-11	protein_coding	up_tumor	42.56	5.51	34.71	6.63	3	1.62	2.57	1.96	3.27	3.2	1.95	3.25
ENSG00000151702.12	FLI1	34.9815467574267	3.80758887198721	1.02023126997493e-08	protein_coding	up_tumor	6.75	4.24	12.4	2.92	0.78	0.18	1.19	1.03	0.34	0.61	1.55	0.65
ENSG00000188322.4	SBK1	104.227074523612	3.79841318480555	1.20432962852638e-10	protein_coding	up_tumor	13.83	1.93	8.02	1.69	0.98	0.33	0.55	0.63	0.55	0.91	0.58	0.61
ENSG00000105255.6	FSD1	38.8988099885528	3.69448355830553	5.04887575496302e-13	protein_coding	up_tumor	10.82	4.78	17.95	4.6	1	1.17	0.35	0.99	0.82	1.12	0.35	1.67
ENSG00000179242.11	CDH4	154.242309806746	3.63392666174646	2.42687787600084e-12	protein_coding	up_tumor	6.69	3.46	17.21	4.47	1.16	0.36	0.49	0.74	0.48	1.32	0.47	1.43
ENSG00000163644.10	PPM1K	354.772441911996	3.55765165843419	1.76450969951032e-13	protein_coding	up_tumor	20.19	6.83	38.24	6.66	2.16	2.24	1.77	1.93	2.15	2.65	2.11	3.81
ENSG00000166086.8	JAM3	12.6502333167104	3.55442839762005	8.97525814964145e-13	protein_coding	up_tumor	2.02	1.19	1.14	1.36	0.69	0.54	0.08	0.7	0.03	0.55	0.28	0.42
ENSG00000230873.4	STMND1	23.5768414268837	3.55001252007301	5.53413973418528e-07	protein_coding	up_tumor	5.38	2.36	11.76	2.71	1.48	0.04	0.49	0.78	0.24	0.48	0.7	0.35
ENSG00000011332.15	DPF1	52.8718567264546	3.50277544453604	1.45637797947579e-16	protein_coding	up_tumor	3.8	5.69	15.27	8.25	0.99	0.68	0.75	1.11	0.97	1.5	0.3	1.6
ENSG00000251247.5	ZNF345	84.8530630513308	3.45841952321212	1.91464493365802e-15	protein_coding	up_tumor	52.36	37.12	79.19	29.91	6.7	2.09	2.83	5.99	3.95	8.74	3.04	9.52
ENSG00000214954.4	LRRC69	2010.25700477612	3.40177178240695	1.58391660546747e-12	protein_coding	up_tumor	244.19	164.84	859.2	207.46	50.91	30.84	26.7	31.72	32.46	66.64	30.94	81.26
ENSG00000139187.5	KLRG1	116.328665747618	3.35730158984207	1.7567016738905e-12	protein_coding	up_tumor	25.5	16.87	59.63	15.6	6.32	2.26	1.94	3.28	2.61	6.81	2.82	4.77
ENSG00000128340.10	RAC2	70.3075368049183	3.33726793712437	0.000128377945137727	protein_coding	up_tumor	90.23	4.08	23.89	2.78	4.09	3.99	2.63	5.3	1.65	1.36	11.88	2.74
ENSG00000150625.12	GPM6A	244.609802327584	3.27943651013665	7.33860547612349e-14	protein_coding	up_tumor	13.93	15.36	69.46	18.54	3.87	2.31	2.97	3.26	3.57	4.29	2.79	6.18
ENSG00000111224.9	PARP11	193.205489031831	3.26857181166025	3.29826796150856e-07	protein_coding	up_tumor	30.04	2.57	18.59	1.75	2.24	2.07	2.26	1.94	1.91	2.05	3.02	2.33
ENSG00000007237.14	GAS7	34.5369042735815	3.07988738551526	4.44494290001186e-07	protein_coding	up_tumor	20.62	2.93	3.46	0.81	0.25	0.73	0.61	0.95	0.31	1	1.73	0.84
ENSG00000100867.10	DHRS2	169.677646191226	3.07765626019572	6.24147854947941e-17	protein_coding	up_tumor	9.62	84.52	26.78	58.33	2.98	3.87	2.2	2.7	3.84	5.6	2.68	7.42
ENSG00000081189.9	MEF2C	72.1486603345325	3.07601005631666	2.41577130993593e-08	protein_coding	up_tumor	11.23	10.5	30.9	5.07	3.19	1.52	0.93	2.85	1.58	1.07	1.82	4.37
ENSG00000167680.11	SEMA6B	59.0751160900106	2.99711589761965	5.0901266293284e-11	protein_coding	up_tumor	26.17	14.11	44.54	31.52	5.71	2.15	0.45	3.24	6.05	6.48	2.28	6.34
ENSG00000182986.8	ZNF320	43.3803378615053	2.92405351999927	5.11452313130034e-08	protein_coding	up_tumor	5.25	2.37	11.94	2.6	0.74	3.1	0.11	1.08	1.34	1.27	1.27	1.39
ENSG00000173258.8	ZNF483	121.412541647501	2.8217310835024	5.18752258865779e-21	protein_coding	up_tumor	9.84	14.86	29.87	16.73	3.66	2.39	2.66	3.93	2.84	3.64	2.93	4.49
ENSG00000156113.16	KCNMA1	78.1793122536867	2.80220742444046	4.1168198986146e-08	protein_coding	up_tumor	39.46	6.27	24.51	5.61	1.14	1.42	1.97	1.97	1.49	0.91	1.99	3.58
ENSG00000139974.11	SLC38A6	587.291114913237	2.80183111005816	1.05119993672793e-08	protein_coding	up_tumor	60.01	206.75	797.21	362.75	60.96	38.77	23.74	35.85	37.33	62.52	28.6	94.47
ENSG00000198157.6	HMGN5	257.370802732121	2.76826496193893	4.71447663359981e-13	protein_coding	up_tumor	33.39	31.9	121.59	38.62	14.2	11.48	9.37	11.53	8.14	11.32	8.31	10.66
ENSG00000186907.3	RTN4RL2	208.14519766098	2.76379411946702	6.68881760291378e-11	protein_coding	up_tumor	44.01	12.59	27.42	26.14	3.31	8.84	4.42	4.3	6.79	5.09	8.85	3.57
ENSG00000165757.8	KIAA1462	31.7906860186886	2.71152698890977	4.46766054331513e-08	protein_coding	up_tumor	3.37	1.29	4.47	1.31	0.2	0.41	0.77	0.88	0.51	0.44	0.11	0.3
ENSG00000197928.6	ZNF677	100.951314183652	2.70085144812484	9.33365822644046e-12	protein_coding	up_tumor	9.02	14.37	30.57	15.71	3.35	2.02	0.89	1.22	2.08	3.93	2.25	5.07
ENSG00000242173.4	ARHGDIG	7.89216395816882	2.68107481955499	0.000409724268042039	protein_coding	up_tumor	7.27	2.15	14.24	1.7	0	0.3	0.78	1.24	2.97	1.52	1.22	1.35
ENSG00000188368.5	PRR19	48.959084000168	2.67442934799582	2.4751923995174e-05	protein_coding	up_tumor	8.88	2.49	15.87	1.91	1.68	2.16	2.18	1.88	1.47	1.44	1.15	0.25
ENSG00000198750.7	GATSL2	7.22965985806409	2.66203723303727	0.00770333362765729	protein_coding	up_tumor	3.62	0.69	1.79	0.28	0.12	0.34	0.31	0.49	0.63	0.79	0.92	0
ENSG00000163328.9	GPR155	267.173265278861	2.65925539139982	4.06261178207709e-10	protein_coding	up_tumor	9.38	7.91	24.04	7.48	2.7	1.96	1.05	2.38	1.98	3.95	1.84	3.89
ENSG00000245680.5	ZNF585B	249.086107151852	2.63774625916253	1.14546713402514e-06	protein_coding	up_tumor	23.17	6.16	14.78	4.64	4.76	3.22	3.49	3.4	4.23	4.88	5.4	5.5
ENSG00000179240.4	RP11-111M22.2	112.890220553929	2.63060896509894	7.44707983988307e-10	protein_coding	up_tumor	5.98	5.08	14.79	5.38	1.96	1.68	2.72	2.52	2.55	3.32	1.63	2.08
ENSG00000167994.7	RAB3IL1	44.0662614080783	2.61529624219632	0.000268481796550716	protein_coding	up_tumor	15.69	0.82	6.91	1.82	1.46	1.16	1.27	1.36	1.03	1.4	3.82	1.09
ENSG00000105613.5	MAST1	58.1482910931284	2.61135263974948	1.49816957180747e-07	protein_coding	up_tumor	4.61	8.41	18.92	11.08	2.5	1.09	1.51	1.48	1.35	2.97	2.45	4.91
ENSG00000090554.8	FLT3LG	42.0461525531377	2.60855696164928	3.12451528799861e-10	protein_coding	up_tumor	7.51	8.4	22.97	7.45	3.64	2.3	2.4	2.59	2.35	2.18	3.25	3.27
ENSG00000263020.1	CSNK2B-LY6G5B-1181	60.1683978771136	2.59443455447645	0.0316201051627931	protein_coding	up_tumor	8.5	8.7	11.38	10.06	2.18	0.9	0	2.07	0.95	3.13	0	5.86
ENSG00000146966.8	DENND2A	113.106755611627	2.57870287153396	6.03294213021206e-11	protein_coding	up_tumor	4	8.79	16.63	10.03	2.45	1.32	0.98	2.12	1.25	2.5	1.9	3.51
ENSG00000092621.7	PHGDH	54.5305148310031	2.57713746584143	1.60723716880929e-06	protein_coding	up_tumor	17.95	5.24	12.95	3.74	2.49	2.4	2.44	2.48	2.74	2.85	1.77	1.5
ENSG00000135119.10	RNFT2	223.017122096003	2.57629697268377	3.56201822446702e-07	protein_coding	up_tumor	36.54	7.85	26.7	8.98	6.16	4.65	7.45	6.46	8	9.41	8	8.64
ENSG00000185361.4	TNFAIP8L1	253.933892522567	2.55469633800161	4.41899090319359e-12	protein_coding	up_tumor	18.86	12.44	38.7	13.84	5.45	2.33	3.78	4.65	3.82	5.57	2.81	5.97
ENSG00000176593.3	CTD-2368P22.1	100.559162371026	2.54667317637372	1.93906171499113e-12	protein_coding	up_tumor	8.82	13.9	28.11	12.15	3.32	1.12	1.63	2.81	2.31	4.62	2.53	5.92
ENSG00000092853.9	CLSPN	480.526619040601	2.51864452833423	4.47755927174018e-14	protein_coding	up_tumor	24.14	19.84	56.46	23.47	8.27	5.72	7.41	9.02	6.11	7.54	4.87	11.54
ENSG00000175471.15	MCTP1	14.5605299947135	2.51850919529538	1.11445231124968e-05	protein_coding	up_tumor	3.4	0.59	3.49	1.73	0.39	0.36	0.4	0.57	0.12	0.41	0.2	0.09
ENSG00000144061.8	NPHP1	132.789243444028	2.51359590794213	1.56585757414726e-11	protein_coding	up_tumor	11.05	9.61	20.28	8.15	5.51	3.84	5.56	6.54	5.79	5.34	4.07	3.6
ENSG00000117115.8	PADI2	15.1169572242139	2.50230285301079	2.83152949246311e-05	protein_coding	up_tumor	1.16	0.8	2.51	0.82	0.21	0.16	0.13	0.07	0.46	0.43	0.41	0.38
ENSG00000272822.1	RP11-302B13.5	37.3764501944663	2.50019826863581	0.000591750300949129	protein_coding	up_tumor	20.33	2.37	19.7	1.29	1.33	2.59	1.71	3.7	2.63	3.86	2.05	3.28
ENSG00000167619.7	TMEM145	20.1545694829114	2.49979354111961	7.94536145144602e-10	protein_coding	up_tumor	14.37	4.89	24.78	3.41	1.35	1.32	1.08	2.08	2	1.13	3.01	1.93
ENSG00000198453.8	ZNF568	41.1153207475436	2.49820134406342	1.39558129893596e-07	protein_coding	up_tumor	1.6	2.86	11.08	3.95	1.93	1.21	1.46	1.37	0.83	1.56	0.31	1.01
ENSG00000138670.12	RASGEF1B	72.0173949923932	2.48972456404858	4.20970424499296e-11	protein_coding	up_tumor	21.61	16.08	60.39	18.65	4.13	4.47	1.66	3.6	3.48	2.93	5.64	7.82
ENSG00000037965.4	HOXC8	218.526855804697	2.48188310569616	5.30253086653125e-12	protein_coding	up_tumor	14.93	14.97	35.62	10.71	5.27	2.64	2.98	4.74	3.29	4.29	3.94	6.5
ENSG00000188227.8	ZNF793	145.749473352832	2.47833158570919	1.82489972678655e-09	protein_coding	up_tumor	7.59	4.35	14.79	4.4	2.14	1.45	1.1	1.62	1.4	2.62	1.68	2.63
ENSG00000116132.7	PRRX1	83.8762007307227	2.47663408374812	4.43187992005348e-06	protein_coding	up_tumor	21.83	21.53	17.62	7.41	5.6	0.45	8.82	9.75	4.98	6.03	3.3	6.95
ENSG00000183688.4	FAM101B	103.740636912037	2.45968799482138	6.59832722379759e-20	protein_coding	up_tumor	8.84	7.37	11.19	5.67	1.89	1.82	1.79	2.4	1.61	1.53	1.76	2.17
ENSG00000121413.8	ZSCAN18	73.9694572428452	2.45462796821778	4.64536164915121e-09	protein_coding	up_tumor	4.17	12.05	17.62	12.69	2.92	2.06	1.81	2.08	1.73	4.77	1.21	5.08
ENSG00000227051.4	C14orf132	67.3700185052803	2.45227869832719	3.88713167321031e-10	protein_coding	up_tumor	13.7	10.78	41.48	9.57	1.06	1.01	0.81	2.05	1.85	1.26	1.97	1.39
ENSG00000141456.10	PELP1	1569.02996786508	2.44158176628461	1.32962304159581e-09	protein_coding	up_tumor	180.24	43.73	207.38	68.07	33.83	28.49	34.53	30.29	31.6	32.24	30.73	32.2
ENSG00000178695.4	KCTD12	80.2708749562577	2.43701805918539	4.23744791150867e-05	protein_coding	up_tumor	11.61	1.37	3.94	0.66	0.92	0.88	1.05	0.98	0.51	0.77	0.86	0.81
ENSG00000178538.5	CA8	25.8527782396676	2.41736497912879	0.00119063519968415	protein_coding	up_tumor	5.48	1.56	3.01	0.78	1.1	0.08	1.09	0.79	0.28	1.34	0.14	1.25
ENSG00000198624.8	CCDC69	47.7920763460062	2.39235248447072	9.38917682568314e-12	protein_coding	up_tumor	4.81	4.2	20.34	4.25	1.64	2.05	1.99	1.76	2.67	1.64	3.45	1.51
ENSG00000137819.9	PAQR5	735.44201110802	2.37270834977434	2.55650188366477e-11	protein_coding	up_tumor	39	20.83	73.17	20.98	9.57	5.53	8.78	12.43	9.37	11.72	11.49	9.33
ENSG00000105409.11	ATP1A3	40.0533581195357	2.37010478465091	1.2368719786624e-12	protein_coding	up_tumor	7.35	9.68	15.99	10.02	2.04	1.64	1.46	1.35	1.42	3.56	2.86	3.08
ENSG00000196220.11	SRGAP3	114.786757300733	2.35698991797193	5.55514739768189e-12	protein_coding	up_tumor	8.65	16.55	33.83	18.27	6.6	2.23	3.24	3.19	4.2	3.93	2.12	6.66
ENSG00000102879.11	CORO1A	164.332875998794	2.35513096543716	0.000573666279363552	protein_coding	up_tumor	116.21	12.93	44.63	12.5	16.28	5.12	12.94	20.79	7.36	10.74	27.47	8.18
ENSG00000175287.14	PHYHD1	15.5205856673122	2.35234786122925	0.000959337971745814	protein_coding	up_tumor	12.28	1.53	7.23	1.02	0.56	1.17	1.36	1.24	1.67	1.43	1.68	1
ENSG00000087299.7	L2HGDH	189.629480369546	2.34133042685228	2.07797913822475e-10	protein_coding	up_tumor	16.03	9.18	28.83	9.42	4.82	3.59	7.25	5.22	4.14	5.16	3.81	5.18
ENSG00000103485.13	QPRT	105.256242872533	2.33675003968443	3.83231645763672e-12	protein_coding	up_tumor	8.13	13.21	22.04	12.38	3.79	4.37	3.11	2.07	3.15	4.16	2.73	5.84
ENSG00000255103.1	KIAA0754	26.6245983266056	2.33266674659811	5.80625854229979e-05	protein_coding	up_tumor	1.42	0.72	2.38	0.31	0.23	0.37	0.19	0.17	0.24	0.57	0.28	0.39
ENSG00000136167.9	LCP1	61.5964581327411	2.32908703772849	0.00231671639261083	protein_coding	up_tumor	25.75	2.08	9.88	1.71	1.46	2.85	1.78	1.84	1.47	0.94	6.95	2.63
ENSG00000182963.5	GJC1	173.311049390547	2.31793012444002	5.30253086653125e-12	protein_coding	up_tumor	12.58	10.97	22.39	7.85	2.38	2.73	3.66	3.99	2.86	5.49	3.18	5.01
ENSG00000161243.4	FBXO27	56.3877484229824	2.31088606767604	3.32895436537203e-11	protein_coding	up_tumor	12.22	7.57	14.09	7.05	3.59	2.01	0.95	2.54	1.92	1.61	1.49	2.64
ENSG00000174282.7	ZBTB4	1166.13893501342	2.29958339404279	9.27092357974905e-06	protein_coding	up_tumor	112.65	15.61	47.26	16.59	11.74	13.46	15.48	12.94	15.44	14.82	14.29	13.1
ENSG00000105371.8	ICAM4	36.8486686682669	2.2981216794726	2.25804804232887e-06	protein_coding	up_tumor	4.99	9.52	12.54	10.71	2.74	1.15	1.06	2.27	1.54	3.37	0.81	5.08
ENSG00000197013.5	ZNF429	16.0288789741284	2.26624033034833	2.44531990450126e-05	protein_coding	up_tumor	4.5	2.81	10.82	3.73	0.14	1.16	1.72	1.29	1.41	1.4	2.66	1.07
ENSG00000101347.7	SAMHD1	260.435826303518	2.2482444838521	3.59068500753224e-12	protein_coding	up_tumor	19.75	12.09	18.68	7.94	3.92	4.27	3.03	3.84	3.6	3.94	6.41	4.57
ENSG00000123360.7	PDE1B	38.2788012113926	2.22322601441	6.84901859258921e-08	protein_coding	up_tumor	7.08	6.64	26.54	6.06	1.37	1.03	1.7	1.69	1.82	0.94	2.01	2.25
ENSG00000213889.6	PPM1N	130.600529372955	2.20791834150851	1.37768702509757e-08	protein_coding	up_tumor	68.17	19	46.36	23.17	7.94	9.6	9.43	9.96	12.11	9.21	11.23	9.8
ENSG00000115977.14	AAK1	236.569714954301	2.20250949318107	1.79545048756305e-10	protein_coding	up_tumor	32.92	90.7	170.49	84.25	27.25	15.7	10.21	18.27	14.39	20.5	9.82	31.18
ENSG00000028310.13	BRD9	1051.67198739896	2.19196877007696	3.6373477719183e-10	protein_coding	up_tumor	324.91	116.35	681.17	142.46	50.79	39.21	35.54	40.48	47.86	50.94	36.64	61.88
ENSG00000272869.1	CTC-487M23.8	37.0942798793704	2.17986065222525	0.00253877971733185	protein_coding	up_tumor	6.59	5.27	10.47	2.32	3.27	1.59	0	1.19	1.12	1.25	3.21	2.52
ENSG00000170264.8	FAM161A	288.813708372716	2.17393734193713	6.89380950010046e-12	protein_coding	up_tumor	17.39	29.97	52.09	33.07	10.07	4.64	7	10.46	6.1	9	8.84	10.68
ENSG00000153721.13	CNKSR3	323.706287668219	2.1689299694693	4.56961251579261e-12	protein_coding	up_tumor	3.88	4.65	7.51	3.54	2.41	3.2	3.29	2.58	2.92	3.01	2.39	2.62
ENSG00000219626.4	FAM228B	652.769113818641	2.16136823396233	5.09715296922798e-08	protein_coding	up_tumor	31.66	42.72	165.51	78.24	27.78	22.35	22.66	21.15	27.03	31.4	22.12	34.8
ENSG00000104998.2	IL27RA	21.1422120250563	2.15473178643801	1.024242623077e-07	protein_coding	up_tumor	1.4	2.12	3.16	2.5	0.76	0.12	0.82	1.02	0.63	0.4	0.57	0.54
ENSG00000127616.13	SMARCA4	570.990173436336	2.14273746393621	1.31106847061668e-11	protein_coding	up_tumor	27.02	17.94	56.89	22.72	15.05	8.34	17.79	13.39	11.29	12.67	13.96	12.64
ENSG00000172006.7	ZNF554	131.745580835845	2.1414487324471	3.01121924942913e-09	protein_coding	up_tumor	4.99	8.28	20.91	10.18	3.11	2.89	1.92	2.11	2.59	3.86	2.84	4.6
ENSG00000163535.13	SGOL2	183.693251054529	2.1391891720781	3.84238917490913e-15	protein_coding	up_tumor	45.97	26.15	76.44	28.82	8.99	4.21	5.3	6.63	6.17	8.47	4.53	9.25
ENSG00000161544.5	CYGB	72.9461494076264	2.13828218668998	0.0022350200680565	protein_coding	up_tumor	44.05	2.84	33.16	2.64	4.89	1.95	7.4	7.31	9.5	3.91	9.63	3.71
ENSG00000186470.9	BTN3A2	362.843520241434	2.1342178324484	4.32990302073913e-09	protein_coding	up_tumor	23.74	22.72	76.86	30.07	14.42	7.69	9.05	9.17	9.71	12.63	10.14	15.65
ENSG00000060982.10	BCAT1	56.1652389992048	2.12660647024397	2.41812726242824e-05	protein_coding	up_tumor	6.47	1.94	15.62	3.28	2.6	1.06	1.39	2.28	1.38	1.33	2.83	1.77
ENSG00000165633.8	VSTM4	87.1532325728102	2.11709387948182	1.02920745006368e-09	protein_coding	up_tumor	7.61	7.25	13.18	8.44	3.13	1.51	1.7	2.16	2.06	2.87	2.02	5.55
ENSG00000141150.3	RASL10B	11.0894897283128	2.11430079069379	0.000818974745100329	protein_coding	up_tumor	10.62	4.29	10.84	2.18	1.49	1.96	1.69	1.22	3.25	2.74	0.05	3.95
ENSG00000152104.7	PTPN14	433.009654850719	2.10718484564125	1.15224429212355e-11	protein_coding	up_tumor	8.84	8.23	25.63	7.83	4.49	3.26	2.33	3.79	3.04	3.38	2.27	3.92
ENSG00000196312.7	HIATL2	15.8868897473765	2.09042668008376	0.000491394969097506	protein_coding	up_tumor	9.71	2.89	7.85	2.18	2.49	1.78	3.37	2.38	1.89	1.19	1.76	1.68
ENSG00000213888.2	AC005003.1	81.8759587622771	2.08031237121392	1.41708947429189e-07	protein_coding	up_tumor	4.09	11.66	23.93	13.13	5.66	2.43	2.6	2.72	3.99	4.65	2.67	4.63
ENSG00000181896.7	ZNF101	238.789924978937	2.07102870074669	7.40831329693866e-13	protein_coding	up_tumor	11.65	18.92	34.17	17.63	7.32	4.33	6.99	7.23	5.07	8.02	8.64	7.7
ENSG00000158089.10	GALNT14	61.7693689580176	2.06688680771494	3.41430767882685e-17	protein_coding	up_tumor	10.82	7.91	8.68	11.13	2.87	4.19	5.01	4.49	2.05	3.16	4.2	3.47
ENSG00000164086.8	DUSP7	111.10973351294	2.06577782182315	0.00145572796759212	protein_coding	up_tumor	18.62	1.41	10.5	1.59	2.57	1.96	3.11	3.44	2.48	2.55	2.82	2.73
ENSG00000142408.2	CACNG8	337.391989859922	2.05987393548901	4.9320730071575e-11	protein_coding	up_tumor	3.7	9.33	20.01	10.32	2.96	2.52	2.76	2.47	3.52	3.51	3.1	3.59
ENSG00000096060.10	FKBP5	194.260785640443	2.05882263214855	6.02091515485337e-07	protein_coding	up_tumor	26.37	5.54	17.64	6.9	3.64	3.93	4.47	4.37	3.24	3.83	3.56	4.2
ENSG00000122335.9	SERAC1	152.820586984199	2.0550455891075	6.78920763010036e-10	protein_coding	up_tumor	16.27	9.31	30.38	10	5.79	2.8	3.21	3.81	3.69	4.76	3.4	5.58
ENSG00000171476.17	HOPX	42.3145946406116	2.04892779327844	7.4803750467231e-07	protein_coding	up_tumor	4.27	3.06	10.82	4.13	1.42	0.99	1.16	1.2	1.27	2.17	1.4	1.87
ENSG00000152465.13	NMT2	254.011227533906	2.04780043493506	2.88204331610621e-13	protein_coding	up_tumor	23.26	19.94	43.97	18.05	9.73	9.6	10.32	12.57	11.28	9.01	9.62	13.88
ENSG00000105357.11	MYH14	370.010026606944	2.03978542355109	0.000706946605670263	protein_coding	up_tumor	52.14	5.42	20.69	6.54	5.77	9.76	7.73	5.12	7.19	7.12	7.35	6.34
ENSG00000186897.3	C1QL4	8.33470524469357	2.03095916818032	0.000553643092370493	protein_coding	up_tumor	1.29	1.17	0.78	1.12	0.62	0.3	0.14	0.5	0.53	0.08	0.14	0.25
ENSG00000158417.6	EIF5B	3204.97381964441	2.02664024558675	2.77954891306929e-13	protein_coding	up_tumor	87.17	121.65	274.52	122.25	49.45	38.82	37.15	44.04	40.64	51.94	40.6	60.4
ENSG00000174007.7	CEP19	73.47800098638	2.02653941531309	3.5806871908943e-10	protein_coding	up_tumor	6.4	12.25	25.62	13.93	4.47	1.44	1.94	4.34	2.96	3.36	3.97	4.3
ENSG00000176046.7	NUPR1	14.8312875164854	2.02153952835561	0.00152758734871155	protein_coding	up_tumor	11.37	2.85	6.72	2.25	2.17	0.32	2.7	2.78	1.32	1.71	1.2	2.15
ENSG00000120334.11	CENPL	163.251011485486	2.01965672858676	2.41066075953635e-11	protein_coding	up_tumor	15.24	14.19	33.25	12.62	5.66	4.58	6.75	7.67	5.45	6.97	6.15	6.6
ENSG00000153132.8	CLGN	95.2000033245754	2.01138469677126	7.14620229832316e-13	protein_coding	up_tumor	3.96	8.32	13.1	11.04	3.02	1.65	2.22	2.69	3.28	3.56	2.74	2.85
ENSG00000181873.8	IBA57	258.91970415481	2.00330101166371	9.59568323415722e-12	protein_coding	up_tumor	5.73	5.6	16.17	6.66	2.94	2.49	1.89	4.48	2.82	2.7	3.76	3.47
ENSG00000185432.10	METTL7A	79.2776728602495	1.99794677436091	2.66755687500153e-05	protein_coding	up_tumor	7.39	2.35	16.72	2.18	1.95	1.88	1.93	1.11	1.24	2.64	1.68	2.25
ENSG00000240065.3	PSMB9	92.5005003466223	1.9975313806645	5.42342322368957e-09	protein_coding	up_tumor	38.49	18.62	20.52	14.6	8.5	7.53	6.9	9.78	7.51	8.01	15.47	13.22
ENSG00000143545.4	RAB13	1403.41493183713	1.98500377166452	1.07534140701896e-07	protein_coding	up_tumor	346.26	139.36	597.28	162.84	113.36	100.57	93.93	110.22	98.69	94.71	94.75	101.47
ENSG00000089335.16	ZNF302	1991.30131969174	1.97691467887323	3.29893790764879e-09	protein_coding	up_tumor	470.45	318.72	1266.6	371.84	139.87	94.72	74.89	88.12	98.34	146.17	85.52	180.32
ENSG00000101624.6	CEP76	104.728097351397	1.95460771613621	8.9484956293371e-11	protein_coding	up_tumor	7.98	7.28	15.23	8.55	3.88	3.9	4.2	4.56	2.9	3.63	2.91	4.14
ENSG00000160991.11	ORAI2	563.013144103437	1.95429046011412	4.42866312418992e-14	protein_coding	up_tumor	12.38	16.87	33.49	19.79	9.27	7.52	8.52	8.25	7.7	9.07	7.64	9
ENSG00000169554.12	ZEB2	203.472986404027	1.93773153889818	0.000520170259720082	protein_coding	up_tumor	28.94	8.84	20.4	5.67	4.13	4.22	5.45	6.92	3.43	6.9	7.78	8.81
ENSG00000107890.12	ANKRD26	582.539181295098	1.93121732149462	4.28521102673675e-08	protein_coding	up_tumor	8.73	48.7	56.69	52.68	17.91	11.31	10.87	12.78	13.6	19.5	9.8	21.33
ENSG00000184060.6	ADAP2	37.9573078948634	1.92185786799782	1.47572362808583e-08	protein_coding	up_tumor	10.4	3.7	5.24	2.49	1.27	1.31	1.66	2.01	1.69	1.62	2.45	1.34
ENSG00000140968.6	IRF8	23.626294046142	1.91962510293286	0.0618495200503653	protein_coding	up_tumor	21.93	0.5	8.32	1.18	0.58	2.17	0.67	0.99	2.25	2.94	7.41	4.85
ENSG00000187867.4	PALM3	5.9341901168876	1.91728240209774	0.00395227553009514	protein_coding	up_tumor	0.72	0.63	0.87	0.53	0.5	1.02	0.39	0.09	0.48	0.22	0.48	0.08
ENSG00000104825.12	NFKBIB	744.410922342601	1.91697997641116	6.64268605777899e-08	protein_coding	up_tumor	69.08	51.66	185.49	50.75	34.6	26.85	37.3	37.24	30.86	35.12	32.64	40.61
ENSG00000065621.10	GSTO2	149.897570180283	1.9150665738238	3.4062258498136e-08	protein_coding	up_tumor	11.24	15.88	26.82	13.75	11.21	11.81	7.52	6.14	7.8	7.09	10.34	7.94
ENSG00000160352.11	ZNF714	180.677769057981	1.90915793471645	3.65323240943151e-08	protein_coding	up_tumor	7.6	16.43	36.3	18.9	5.4	3.31	4.44	6.83	4.53	6.9	3.94	7.84
ENSG00000081665.9	ZNF506	61.7759663360495	1.90211028050675	8.07062892964227e-08	protein_coding	up_tumor	10.67	5.17	24.06	7.22	2.8	1.55	1.94	1.95	1.41	2.68	1.82	2.55
ENSG00000141576.10	RNF157	101.898341462671	1.9002959224831	2.70369654256915e-14	protein_coding	up_tumor	6.56	7.32	13.44	7.56	3.46	1.54	4.45	5.78	3.55	2.73	2.07	3.85
ENSG00000125351.6	UPF3B	881.05957481378	1.89650939091141	8.13492217025927e-09	protein_coding	up_tumor	95.51	83.44	289.1	86.08	38.58	31.86	29.01	33.19	31.02	36.98	29.17	48.43
ENSG00000119707.9	RBM25	4321.90921001294	1.8914852642491	1.45991704020768e-08	protein_coding	up_tumor	303.02	262.3	760.37	281.39	146.13	89.88	83.09	104.69	107.04	141.58	89.71	180.62
ENSG00000138111.10	TMEM180	106.625542155302	1.88678939312984	4.75415661262711e-11	protein_coding	up_tumor	51.46	38.7	101.33	36.91	17.78	8.56	9.46	6.88	12	10.55	13.98	18
ENSG00000170571.7	EMB	45.9390582636884	1.88648870219567	9.28206150612698e-10	protein_coding	up_tumor	4.04	4.21	1.8	5.15	1.42	0.65	1.39	1.36	0.99	0.86	1	0.57
ENSG00000008128.18	CDK11A	598.201072584231	1.88267920977228	2.93262847029476e-09	protein_coding	up_tumor	80.17	55.48	166.73	78.71	38.33	30.07	37.77	34.68	38.31	41.38	37.18	40.93
ENSG00000106069.16	CHN2	33.9470241178214	1.87428886585953	7.64787315962816e-07	protein_coding	up_tumor	2.83	11.09	11.46	11.17	5.81	3.18	1.66	2.88	1.06	4.95	4.25	3.17
ENSG00000108848.11	LUC7L3	5546.99286705589	1.87391451385432	8.53675052228986e-09	protein_coding	up_tumor	935.8	569.67	2865.92	654.96	281.8	217.89	228.5	236.03	249.68	293.54	194.61	317.73
ENSG00000198399.10	ITSN2	707.988801101092	1.85659986148528	1.83588903491599e-10	protein_coding	up_tumor	19.6	38.46	78.33	35.58	15.28	14.42	15.64	14.66	15.33	16.82	14.64	16.69
ENSG00000132330.12	SCLY	202.126875279926	1.849272032631	3.23683103415237e-05	protein_coding	up_tumor	28.83	9.33	29.29	9.75	9.02	6.5	9.78	13.03	9.92	11.96	10.05	8.18
ENSG00000153898.8	MCOLN2	47.964034717282	1.84406796822394	4.36444255227006e-10	protein_coding	up_tumor	3.09	5.1	6.2	4.04	3.05	1.4	2.21	2.37	1.08	2.75	1.21	2.02
ENSG00000141337.8	ARSG	116.949606632164	1.83482337339738	1.53930191771316e-09	protein_coding	up_tumor	22.38	19.5	45.07	22.11	9.46	8.62	6.1	6.62	5.88	9.52	6.26	11.45
ENSG00000116117.13	PARD3B	77.0017869309234	1.83185259110438	1.58756016806567e-05	protein_coding	up_tumor	10.51	7.37	32.05	6.14	1.41	1.23	1.05	0.92	1.31	1.03	2.06	1.32
ENSG00000148516.17	ZEB1	123.503798330113	1.83057547767974	8.14484534963996e-10	protein_coding	up_tumor	5.56	4.09	15.7	5.16	2.4	2.46	1.91	2.72	1.98	2.13	1.89	2.37
ENSG00000102032.8	RENBP	42.7483304189659	1.82963722511678	1.01562748567161e-06	protein_coding	up_tumor	17.86	10.71	20.48	11.54	3.59	4.96	3.87	3.64	4.16	6.06	5.73	6.84
ENSG00000150967.13	ABCB9	167.704344993934	1.82779795258688	1.62497086659839e-12	protein_coding	up_tumor	12.49	18.44	35.18	17.97	6.33	4.85	4.54	6.94	6.07	6.53	5.19	7.38
ENSG00000117461.10	PIK3R3	78.1284036059571	1.82741356506672	7.90441265842486e-06	protein_coding	up_tumor	6.8	2.72	10.68	3.64	2.78	1.8	2.71	1.77	1.04	1.78	2.32	2.35
ENSG00000196368.4	NUDT11	2.60911851010752	1.82507613127724	0.0831519056671744	protein_coding	up_tumor	0.31	0.06	0.43	0.24	0.15	0	0	0.17	0.15	0.07	0.06	0.14
ENSG00000163083.5	INHBB	173.969747096972	1.81849001681864	0.000148009297340575	protein_coding	up_tumor	24.16	5.23	15.41	5.11	3.89	6.01	4.26	3.95	5.74	4.49	5.36	4.77
ENSG00000114450.5	GNB4	58.4244344929416	1.8180103759786	1.49651268240487e-06	protein_coding	up_tumor	8.84	4.37	10.66	2.4	1.62	1.56	3.6	1.62	3.89	3.79	3.52	1.78
ENSG00000106443.10	PHF14	1024.89526094743	1.8153209620845	5.65891792931936e-09	protein_coding	up_tumor	51.35	59.37	143.87	65.11	38.88	43.49	35.49	43.19	47.12	53.39	38.46	51.79
ENSG00000134138.15	MEIS2	286.795296706329	1.81471536875218	0.000395970658436797	protein_coding	up_tumor	39.21	8.41	105.5	7.47	8.4	10.31	10.57	9.15	9.22	7.36	10.42	8.92
ENSG00000187608.5	ISG15	277.793979087174	1.81267124593492	2.69743805234439e-06	protein_coding	up_tumor	47.68	234.63	73.75	103.27	34.97	24.17	20.32	36.5	46.63	23.31	62.97	47.87
ENSG00000243449.2	C4orf48	72.5492523899355	1.80984253774958	1.50828633137331e-08	protein_coding	up_tumor	21.67	61.62	40.71	76.79	13.89	8.07	16.47	13.76	14.1	19.29	18.2	25.32
ENSG00000173928.2	SWSAP1	69.3504107020721	1.80632967609338	1.70248132663153e-07	protein_coding	up_tumor	11.41	7.03	15.63	7.41	5.47	2.78	2.68	3.7	3.26	3.97	3.03	4.94
ENSG00000122483.13	CCDC18	125.722949606877	1.80363056169003	3.19712230288477e-09	protein_coding	up_tumor	11.07	14.6	48.04	14.37	4.24	2.24	5.73	4.39	3.74	5.84	2.68	5.16
ENSG00000129680.11	MAP7D3	207.054511016238	1.79800872868889	1.90987587315873e-12	protein_coding	up_tumor	10.05	19.48	31.34	21.63	6.36	6.27	6.63	6.08	6.07	5.02	6.62	10
ENSG00000248835.2	AL357673.1	93.2412698845184	1.79553362360647	1.50883428447753e-06	protein_coding	up_tumor	3.62	10.52	15.41	7.95	3.93	1.97	2.41	3.08	2.75	3.56	1.94	5.64
ENSG00000073009.8	IKBKG	678.23394175007	1.79480753414438	1.80002977281344e-05	protein_coding	up_tumor	64.22	36.25	43.34	41.34	45.14	36.35	39.63	35.63	40.41	38.28	29.93	35.03
ENSG00000073614.7	KDM5A	1054.51085514885	1.79164543408833	6.83899893109674e-10	protein_coding	up_tumor	106.02	118.25	464.29	155.01	38.75	28.75	22.13	30.95	29.85	49.55	20.07	51.69
ENSG00000152439.8	ZNF773	107.772242765499	1.77885537868938	3.04799424385297e-06	protein_coding	up_tumor	7.17	6.02	27.06	8.7	5.71	3.53	4.66	5.01	3.66	3.92	3.8	5.37
ENSG00000122484.8	RPAP2	1570.92366921411	1.76523471374242	1.2163477234088e-07	protein_coding	up_tumor	10.16	16.45	45.58	24.62	10.24	10.64	12.31	13.63	13.56	13.45	10.97	15.46
ENSG00000174111.8	SOCS7	15.4255858148812	1.761915697282	0.00412551290910651	protein_coding	up_tumor	4.14	0.55	5.61	0.72	0.74	0.77	0.58	1.69	0.82	0.95	0.6	0.46
ENSG00000130208.5	APOC1	54.1367734347444	1.75919735440467	6.61500907737352e-17	protein_coding	up_tumor	29.55	37.83	28.72	37.76	18.2	11.76	13.7	10.17	16.08	12.31	9.18	12.06
ENSG00000197043.9	ANXA6	227.175984054595	1.75834578358065	0.000353827074064136	protein_coding	up_tumor	44.48	12.32	30.55	11.65	10.36	8.18	11.73	13.07	9.28	10.04	12.04	8.26
ENSG00000155085.11	AK9	77.1321983622961	1.7495982247801	1.56394383572038e-08	protein_coding	up_tumor	10.26	7.74	27.07	9.09	3.18	3.35	2.93	2.34	3.45	4.54	3.88	4.69
ENSG00000173706.8	HEG1	32.9885334520844	1.74824849456209	2.33795233737952e-05	protein_coding	up_tumor	4.48	0.91	2.8	1.35	0.23	0.25	0.37	0.56	0.34	0.8	0.46	0.37
ENSG00000141519.10	CCDC40	131.643220617946	1.74777932511899	8.24437715253355e-12	protein_coding	up_tumor	8.16	13.33	20.17	15.64	6.26	5.65	7.23	6.16	6.79	6.79	6	8.87
ENSG00000165632.7	TAF3	395.257879872498	1.74367436467594	3.86287710687864e-11	protein_coding	up_tumor	15.46	15.4	35.52	14.81	7.93	7.5	6.89	6.88	6.99	7.65	6.81	8.7
ENSG00000132563.11	REEP2	28.6054551801022	1.72975863737348	1.40718175968704e-05	protein_coding	up_tumor	10.07	5.9	15.07	6.09	4.78	3.31	2.63	3.29	3.13	2.12	2.23	4.93
ENSG00000175106.12	TVP23C	97.7132544455422	1.72906914391735	4.57847779434736e-07	protein_coding	up_tumor	12.37	12.04	29.89	14.1	6.13	9.66	9.71	9.42	8.01	9	5.02	7.35
ENSG00000146350.9	TBC1D32	308.578932430295	1.72803103045605	0.000769337700955137	protein_coding	up_tumor	9.23	64.61	145.55	131.25	38.65	18.65	18.67	19.66	23.13	40.55	19	50.13
ENSG00000156650.8	KAT6B	394.158089800412	1.72678921013941	4.88100441778465e-08	protein_coding	up_tumor	18.62	7.35	23.61	9.25	4.44	4.13	4.63	4.65	5.4	5.99	4.37	5.81
ENSG00000019144.12	PHLDB1	208.070134776884	1.7233735062176	1.02731776224371e-08	protein_coding	up_tumor	14.89	15.32	26.77	18.22	7.76	3.62	8.6	6.02	5.51	9.65	5.07	6.9
ENSG00000104892.12	KLC3	44.4438519691608	1.71649531455917	1.07062357427068e-05	protein_coding	up_tumor	3.35	7.69	14.73	5.37	2.08	1.08	3.14	2.22	2.82	3.51	2.69	4.06
ENSG00000170464.5	DNAJC18	67.4704882359528	1.71568216495968	1.46893838851185e-07	protein_coding	up_tumor	8.26	3.48	8.9	3.8	3.43	2.24	4.66	4.1	4.05	2.01	4.07	2.1
ENSG00000176244.6	ACBD7	36.5983942546394	1.71081677592352	0.000300863174422373	protein_coding	up_tumor	5.56	2.65	13.07	6.75	1.48	3.08	2.82	2.25	1.45	3.75	2.24	3.99
ENSG00000159335.11	PTMS	5188.38674411927	1.70885949395481	4.96839457015124e-07	protein_coding	up_tumor	2118.89	764.96	2991.15	857.26	588.42	486.9	574.06	682.33	504.55	502.19	417.25	607.24
ENSG00000143515.12	ATP8B2	184.655575571328	1.70838499066847	3.89831635072284e-14	protein_coding	up_tumor	11.26	12.51	27.25	13.49	4.7	3.35	4.81	4.67	4.88	5.41	3.51	5.89
ENSG00000145362.12	ANK2	14.3793903653994	1.69456031028579	0.000312724813123594	protein_coding	up_tumor	1.72	1.37	3.22	0.87	0.86	0.24	0.49	0.44	0.19	1.84	0.57	0.56
ENSG00000204642.9	HLA-F	194.246249689148	1.69150352424368	0.00014731239360614	protein_coding	up_tumor	55.26	18.46	30.77	14.24	13.73	16.42	15.01	18.52	14.2	10.39	29.58	12.12
ENSG00000170175.6	CHRNB1	89.0464743018586	1.6837894747572	8.4065054612214e-07	protein_coding	up_tumor	10.65	15.07	31.99	13.88	7.76	2.91	3.66	6.02	4.49	9.2	4.16	8.07
ENSG00000160062.10	ZBTB8A	263.246390542337	1.68288656729046	1.39618727217174e-09	protein_coding	up_tumor	5.99	8.41	16.18	7.25	3.67	4.23	3.89	3.91	3.28	4.74	4.68	5.25
ENSG00000117877.6	CD3EAP	366.781971553482	1.67778980309891	1.44418982601033e-08	protein_coding	up_tumor	23.04	48.28	74.24	48.36	20.28	11.27	12.27	15.97	11.13	16.83	13.32	26.36
ENSG00000131944.5	C19orf40	152.419978862697	1.67543299736448	3.97516550133862e-10	protein_coding	up_tumor	11.94	21.8	43.96	28.09	8.5	7.43	5.33	9.09	7.45	7.63	6.9	10.17
ENSG00000166402.4	TUB	31.8207710938568	1.67003030725486	0.0012211795882383	protein_coding	up_tumor	1.82	0.33	1.73	0.92	0.3	0.55	0.61	0.58	0.45	0.52	0.46	0.26
ENSG00000100154.10	TTC28	256.023226530779	1.66700753646783	8.9083894013094e-08	protein_coding	up_tumor	2.46	4.25	10.66	4.4	2.01	1.55	2.12	1.92	2.35	2.93	2.17	2.5
ENSG00000135917.9	SLC19A3	57.3720009464838	1.66406274528192	0.00010010108496054	protein_coding	up_tumor	15.46	4.36	30.8	5.97	2.82	2.35	2.69	2.73	2.8	3.64	1.51	2.52
ENSG00000068489.8	PRR11	380.992972545182	1.65835079650878	5.57150239319588e-10	protein_coding	up_tumor	31.14	33.83	69.1	31.1	19.77	12.92	17.21	19.72	13.58	14.54	13.59	19.79
ENSG00000145220.9	LYAR	293.16109699689	1.65401770103399	1.34605976977593e-09	protein_coding	up_tumor	30.67	37.48	90.92	42.69	20.95	16.13	21.1	21.92	18.37	19.13	19.7	25.84
ENSG00000076706.10	MCAM	76.8131313733162	1.65040254983019	6.4886119626488e-16	protein_coding	up_tumor	2.76	4.64	8.4	5.34	1.96	1.12	4.22	4.59	3.75	1.92	4.61	1.85
ENSG00000175595.10	ERCC4	241.642603084464	1.64775534332796	1.94205102529237e-11	protein_coding	up_tumor	31.47	47.74	102.2	46.37	14.78	6.59	7.95	9.64	7.98	10.47	8.51	16.71
ENSG00000205791.2	LOH12CR2	53.495653894572	1.64468982795823	4.81361429526173e-06	protein_coding	up_tumor	4.92	6.09	16.49	7.68	3.48	2.24	2.93	2.7	3.84	5.24	2.92	3.94
ENSG00000180071.14	ANKRD18A	439.568727381568	1.64461203912346	9.8761218569611e-05	protein_coding	up_tumor	15.12	48.77	200.06	66.43	23.19	19.35	14.61	14.92	19.2	18.02	15.71	23.86
ENSG00000188295.10	ZNF669	76.727209291074	1.64408728699871	6.81014176563878e-10	protein_coding	up_tumor	8.16	9.52	17.55	9.58	4.67	3.69	7.48	3.39	4.36	4.5	4.7	4.67
ENSG00000160602.9	NEK8	270.109693846847	1.64055067146653	2.83736148491778e-09	protein_coding	up_tumor	10.33	15.76	34.63	19.31	8.44	7.8	9.75	7.73	8.57	8.73	8.59	10.93
ENSG00000114126.13	TFDP2	412.441139850499	1.64009413460163	2.66207016564715e-09	protein_coding	up_tumor	44.08	21.41	86.77	22.89	13.57	7.84	14.35	15.45	12.07	11.26	11.67	13.34
ENSG00000164308.12	ERAP2	175.272698496041	1.6391529051842	1.38706758182232e-05	protein_coding	up_tumor	6.73	7.45	14.94	7.23	4.99	2.14	2.42	3.31	3.09	4.79	2.86	7.02
ENSG00000140025.11	EFCAB11	145.222330774997	1.63765663080519	4.4886444837621e-08	protein_coding	up_tumor	16.87	16.05	35.98	11.98	10.02	9.44	14.13	9.93	9.16	8.46	12.78	10.52
ENSG00000102003.6	SYP	55.7912422186327	1.63245997217924	2.43858281306594e-07	protein_coding	up_tumor	1.99	6.92	10.05	9.35	2.34	2.13	2.18	2.73	2.37	3.1	1.98	3.12
ENSG00000074181.4	NOTCH3	145.604925672528	1.61632435807821	1.20714443410008e-05	protein_coding	up_tumor	14.42	8.73	24.52	12.15	4.98	3.02	5.18	2.94	3.01	4.11	3.83	3.18
ENSG00000155034.14	FBXL18	116.219862118479	1.61354514316474	3.0151661249178e-09	protein_coding	up_tumor	5.57	6.87	14.52	8.47	3.56	2.64	3.24	3.32	3.04	3.62	3.7	5.18
ENSG00000104218.9	CSPP1	700.761987942845	1.60085273915074	4.27698858496653e-09	protein_coding	up_tumor	52.27	35.27	144.54	48.56	21.41	15.82	17.19	20.15	17.2	20.21	13.88	27.18
ENSG00000167670.11	CHAF1A	304.339972649384	1.60015175187643	2.41848045803709e-06	protein_coding	up_tumor	69.59	21.86	121.08	25.92	11.45	6.95	11.07	11.71	7.67	9.67	8.14	12.09
ENSG00000182621.12	PLCB1	90.9322285289702	1.59631945954368	1.26217534546518e-06	protein_coding	up_tumor	4.1	5.74	29.52	7.83	1.98	3.62	2.37	0.93	3.97	2.15	2.27	2.8
ENSG00000144815.10	NXPE3	217.224852845617	1.59263807610882	8.82168202172156e-09	protein_coding	up_tumor	7.58	6.24	10.37	6.07	4.41	3.59	4.22	4.49	3	3.88	2.7	4.22
ENSG00000186275.7	NBPF12	368.980445030015	1.58859213644841	0.000243620482433646	protein_coding	up_tumor	11.52	5.53	13.79	4.25	7.65	3.99	9.87	4.64	6.82	5.81	6.57	4.76
ENSG00000131848.5	ZSCAN5A	100.107138794799	1.58794040603511	7.51920317486142e-09	protein_coding	up_tumor	30.66	33.29	78.81	31.06	17.31	12.25	9	11.59	11.53	13.24	13.34	16.98
ENSG00000243667.2	WDR92	263.700743773596	1.5865409606575	1.18798776179868e-08	protein_coding	up_tumor	14.73	22.91	41.5	21.33	13.56	9.37	8.1	10.31	11.54	13.29	8.84	13.21
ENSG00000164300.11	SERINC5	81.6259569386719	1.56836283043707	2.87834162383246e-08	protein_coding	up_tumor	3.93	7.79	11.64	8.98	4.62	3.22	3.04	3.08	3.44	3.72	3.44	4.52
ENSG00000116830.7	TTF2	250.248040048025	1.56573852614507	3.22421399920466e-09	protein_coding	up_tumor	8.91	8.68	10.41	6.53	8.48	6	14.44	8.53	8.58	7.27	11.17	6.54
ENSG00000213380.9	COG8	250.910973334744	1.56543924234863	9.14675332573007e-13	protein_coding	up_tumor	15.43	11.42	18.3	12.69	6.34	6.19	7.7	8.35	7.83	7.65	8.89	6.58
ENSG00000145833.11	DDX46	1751.78630522357	1.56482153549334	4.50565746716064e-09	protein_coding	up_tumor	123.57	184.91	492.72	235.67	60.34	47.14	45.57	55.52	40.82	56.62	38.6	77.47
ENSG00000167693.12	NXN	84.4377482617526	1.56434154825515	2.93783105930269e-09	protein_coding	up_tumor	9.75	7.69	10.8	7.21	4.04	2.69	5.33	5.2	3.47	5.51	3.93	3.89
ENSG00000134202.6	GSTM3	94.7741975261712	1.55298561251461	1.26847634061043e-07	protein_coding	up_tumor	5.01	5.73	8.34	7.2	5.99	3.88	5.98	5.44	7.6	7.61	5.91	6.39
ENSG00000075340.18	ADD2	102.247192343865	1.5529446682954	9.16460129643033e-06	protein_coding	up_tumor	8.31	3.01	7.86	3.02	2.39	1.13	3.85	2.52	1.41	1.44	1.46	1.5
ENSG00000053501.8	USE1	247.901139311895	1.55281224447764	4.06084504581226e-10	protein_coding	up_tumor	34.23	36.31	68.99	35.36	24.04	22.76	26.11	24.41	27.24	24.65	31.89	27.96
ENSG00000142494.9	SLC47A1	72.7386547133459	1.55097750581127	7.24744743735186e-08	protein_coding	up_tumor	7.83	7.13	11.64	7.97	4.23	2.95	3.49	2.98	2.22	3.07	3.1	5.34
ENSG00000104863.7	LIN7B	38.9029744795645	1.54785993878256	3.42635995495462e-07	protein_coding	up_tumor	8.59	11.62	15.21	15.81	3.91	10.24	7.38	6.52	4.76	4.76	4.45	5.97
ENSG00000078687.12	TNRC6C	171.684162393712	1.54712969735153	4.95788070223864e-11	protein_coding	up_tumor	3.85	7.95	13.24	7.6	3.13	3.81	3.91	2.11	3.53	4.76	1.71	3.48
ENSG00000172716.12	SLFN11	125.03031189346	1.54548710024451	1.42609786262058e-10	protein_coding	up_tumor	5.58	8.61	6.49	9.27	2.42	2.55	1.87	2.46	3.88	3.28	3.01	3.29
ENSG00000172382.5	PRSS27	81.4643149252663	1.54469595705572	3.23421214525197e-06	protein_coding	up_tumor	4.16	9.63	19.27	12.12	5.93	4.04	2.9	5.11	4.99	4.9	2.96	6.5
ENSG00000130517.9	PGPEP1	375.796610502958	1.5434003676955	1.80176767030032e-08	protein_coding	up_tumor	25.32	15.67	20.61	9.44	10.38	11.35	11.8	10.5	8.24	9.04	6.94	7.61
ENSG00000009954.6	BAZ1B	1209.65689413877	1.5427178942111	2.40237307964444e-11	protein_coding	up_tumor	31.16	41.77	85.11	43.14	21.13	20.35	22.8	21.37	18.41	21.18	20.73	22.82
ENSG00000145555.10	MYO10	1002.23272965121	1.54158297124654	3.56740809428539e-06	protein_coding	up_tumor	41.08	20.04	81.53	25.92	17.24	10.81	14.86	12.16	13.45	15.72	11.55	13.62
ENSG00000175782.8	SLC35E3	339.74019863986	1.54137750990536	1.74581457193577e-09	protein_coding	up_tumor	13.67	21.21	45.34	25.47	13.48	11.2	12.1	11.62	10.16	9.84	9.37	13.26
ENSG00000074211.9	PPP2R2C	233.198489326331	1.54125134435464	0.000171474564577272	protein_coding	up_tumor	17.6	5.76	19.41	6.15	5.33	6	7.32	7.51	6.43	5.58	6.31	4.1
ENSG00000062038.9	CDH3	45.0237375991187	1.54114169677039	6.4208684683188e-06	protein_coding	up_tumor	5.02	10.36	23.73	8.75	5.1	1.79	1.83	1.18	1.94	3.72	2.46	2.88
ENSG00000221990.2	C5orf55	62.7916057300926	1.53851704706409	3.13110699682535e-08	protein_coding	up_tumor	4.85	12.28	11.38	10.95	5.78	2.81	3.83	5.35	3.42	2.64	3.06	5.05
ENSG00000165055.11	METTL2B	701.092524443085	1.53790653612217	4.21187640073533e-09	protein_coding	up_tumor	23.56	36.25	52.03	37.71	24.78	16.41	23.35	18.79	21.66	20.98	18.58	28.81
ENSG00000162885.8	B3GALNT2	105.038875633957	1.53605523126606	2.82490004165536e-06	protein_coding	up_tumor	12.26	6.58	17.49	7.55	6.45	3.23	6.45	6.86	6.99	5.1	6.54	5.92
ENSG00000185745.8	IFIT1	213.804273453055	1.53061835683968	0.0047480020968669	protein_coding	up_tumor	31.11	33.73	29.91	10.8	5.34	8.67	7.69	8.98	12.33	4.17	32.68	12.07
ENSG00000105516.6	DBP	95.9853255920099	1.53032600807818	2.63123938752097e-09	protein_coding	up_tumor	4.68	4.17	9.35	5.61	2.48	5.4	4.22	5.07	5.56	7.52	6.75	4.74
ENSG00000160712.8	IL6R	157.528427965824	1.52639756447654	1.06604189339235e-09	protein_coding	up_tumor	3.34	7.45	10.24	7.21	2.76	2.98	2.58	2.1	3.04	2.34	2.33	3.19
ENSG00000072786.8	STK10	171.256179860207	1.52629046726494	3.69790137535431e-09	protein_coding	up_tumor	64.79	15.28	46.16	17.15	6.75	6.57	7.37	5.06	8.5	6.84	8.15	9.48
ENSG00000135069.9	PSAT1	276.221657708034	1.52319119772283	7.63295136223415e-06	protein_coding	up_tumor	45.84	19.51	37.97	17.66	16.14	9.75	12.57	15.84	10.17	12.86	10.38	15.16
ENSG00000127804.8	METTL16	634.775151108883	1.52082982524886	1.59511765576488e-08	protein_coding	up_tumor	35.68	30.03	64.12	29.98	26.9	21.9	22.65	22.28	21.99	21.67	24.29	24.74
ENSG00000144395.13	CCDC150	180.453101450902	1.5205442806885	1.41754510764633e-09	protein_coding	up_tumor	10.73	20.05	23.15	20.56	11.63	9.42	11.5	10.55	8.87	10.81	6.18	15.05
ENSG00000160613.8	PCSK7	937.658382342724	1.5199782873406	3.68238393240017e-08	protein_coding	up_tumor	35.4	50.68	96.02	50.69	31.93	22.18	32.94	29.57	31.37	29.57	25.04	39.04
ENSG00000125347.9	IRF1	340.178325873718	1.51639982526144	7.13405754323068e-12	protein_coding	up_tumor	36.8	19.3	32.65	19.56	10.73	11.44	12.53	11.43	12.88	14.14	24.85	13.55
ENSG00000103187.6	COTL1	596.024152569137	1.51498951886161	3.2682536424283e-06	protein_coding	up_tumor	109.62	56.26	82.94	46.71	43.09	23.09	29.67	46.14	25.62	32.08	34.61	40.4
ENSG00000178105.5	DDX10	285.132205900997	1.5133178870409	2.03913783975328e-10	protein_coding	up_tumor	16.08	27.87	48.2	26.17	22.12	21.45	18.25	19.17	18.65	16.04	18.21	23.27
ENSG00000173692.8	PSMD1	1383.66029388496	1.5119992112525	4.42305741339953e-08	protein_coding	up_tumor	84.28	126.58	197	106.44	106.87	76.12	86.36	110.35	93.48	86.63	87.28	106.82
ENSG00000134072.6	CAMK1	154.048541300823	1.51082339246198	0.00046577148388434	protein_coding	up_tumor	37.62	10.48	35.92	13.6	9.73	8.68	12.71	15.12	9.98	11.14	12.96	13.08
ENSG00000137285.9	TUBB2B	38.4818933368208	1.50857112371406	0.00889459578464875	protein_coding	up_tumor	7.52	1.6	5.97	1.41	1.88	1.75	2.93	1.78	1.69	2.86	1.92	0.88
ENSG00000237515.6	SHISA9	165.780480962514	1.50383770871334	0.00028152276819688	protein_coding	up_tumor	12.71	3.35	8.35	2.36	2.5	1.82	3.28	2.45	2.88	2.38	2.13	2.74
ENSG00000022267.12	FHL1	39.0450734152442	1.50367084169841	0.000345528631154149	protein_coding	up_tumor	6.53	3.48	11.31	1.81	2.15	1.42	4.55	3.42	2.25	1	3.36	1.68
ENSG00000186812.8	ZNF397	168.584937291838	1.50222856998462	2.52918002294413e-05	protein_coding	up_tumor	15.6	11.1	42.05	15.01	7.7	6.87	13.52	6.07	8.82	7.76	8	8.93
ENSG00000151461.15	UPF2	759.043692478113	1.50000793496457	1.51283410770824e-09	protein_coding	up_tumor	142	90.24	276.64	104.87	34.83	26.28	26.66	28.99	27.32	38.75	21.66	45.2
ENSG00000162927.9	PUS10	71.6220699385656	1.49992556204283	7.62273717281459e-07	protein_coding	up_tumor	9.13	7.69	22.65	10.38	3.37	2.01	3.19	2.82	3.48	5.53	2.34	3.8
ENSG00000100354.16	TNRC6B	404.998757557344	1.49836963671365	1.55364629278936e-10	protein_coding	up_tumor	23.2	16.61	43.2	12.86	5.23	6.64	4.68	5.9	5.25	8.15	4.97	8.59
ENSG00000075218.14	GTSE1	204.417845776305	1.49487499709076	9.79192405068587e-12	protein_coding	up_tumor	13.89	18.72	27.56	19.55	12.26	7.31	10.55	12.02	8.5	8.22	7.09	9.12
ENSG00000131711.10	MAP1B	1580.34215178652	1.49361223437004	1.20959150124012e-07	protein_coding	up_tumor	26.64	52.83	63.33	59.33	35	15.73	20.9	27.95	20.85	30.46	15.59	35.28
ENSG00000103550.9	KNOP1	690.323259587599	1.49320150534824	5.37556098006961e-10	protein_coding	up_tumor	74.87	135.44	250.68	139.62	63.17	49.03	46.56	60.77	52.69	60.17	50.04	76.63
ENSG00000146263.7	MMS22L	287.439859716311	1.49254043005425	1.92088205085423e-09	protein_coding	up_tumor	6.03	8.61	15.39	9.42	3.83	3.29	5.56	4.91	4.11	3.56	4.52	6.23
ENSG00000138778.7	CENPE	285.553970539359	1.49223340888365	3.10038389841785e-08	protein_coding	up_tumor	5.68	15.96	12.09	12.02	5.6	3.78	4.68	4.77	4.23	3.68	4.73	5.92
ENSG00000055044.6	NOP58	1257.77861076669	1.49179342030459	2.82361753267813e-09	protein_coding	up_tumor	179.44	164.65	532.48	175.89	82.74	63.53	66.28	79.72	68	88.72	64.59	104.68
ENSG00000130005.7	GAMT	51.8352619033695	1.48582616600752	3.64408114124947e-06	protein_coding	up_tumor	8.33	7.97	16.57	8.13	3.79	3.59	5.31	6.06	6.09	6.17	7.19	3.87
ENSG00000165525.13	NEMF	1346.90960131736	1.48364280093919	1.07210939497829e-07	protein_coding	up_tumor	149.43	193.22	581.19	217.18	82.44	65.53	54.88	53.7	57.03	87.83	50.61	111.77
ENSG00000204103.2	MAFB	80.5351629256073	1.48277061117197	0.0163678423829146	protein_coding	up_tumor	16.01	2.55	7.09	0.8	1.7	1.81	2.29	2.65	2.47	2.68	4.69	2.09
ENSG00000151338.14	MIPOL1	1023.08018239947	1.47934214102129	8.0327195109615e-06	protein_coding	up_tumor	13.36	25.94	59.47	39.94	17.6	12.34	16.14	14	16.88	19.49	17.16	21.29
ENSG00000171634.12	BPTF	1184.49639606029	1.47865767225404	3.44149712475642e-08	protein_coding	up_tumor	18.32	53.07	63.59	57.09	30.22	27.83	37.38	26.46	31.16	33.3	25.79	32.22
ENSG00000185024.11	BRF1	596.871113995754	1.47756582071681	2.62614013645604e-08	protein_coding	up_tumor	9.22	9.99	14.75	11.98	15.4	13.15	16.9	14.43	15.73	14.98	13.8	14.31
ENSG00000060339.9	CCAR1	2435.70032647912	1.47648709628646	6.32208420798182e-08	protein_coding	up_tumor	364.82	258.76	846.78	299.11	153.31	112.15	116.72	131.6	133.42	183.23	131.35	184.92
ENSG00000161888.7	SPC24	159.965379649034	1.47423661956962	4.27922759939965e-07	protein_coding	up_tumor	28.26	22.17	47.61	26.52	13.96	12.27	13.34	18.22	12.22	11.42	11.88	14.4
ENSG00000163811.7	WDR43	777.825360858863	1.46738335939174	7.6574591225036e-10	protein_coding	up_tumor	45.89	48.63	88.97	48.43	26.94	24.23	24.07	28.89	22.23	26	22.18	25.15
ENSG00000034053.10	APBA2	125.800119892977	1.46560958673448	1.73973017751305e-07	protein_coding	up_tumor	10.87	9.16	26.52	9.26	4.54	3.06	4.35	4.06	3.99	3.91	4.13	5.69
ENSG00000183032.6	SLC25A21	28.7661184369421	1.45464761681473	0.00164606125802076	protein_coding	up_tumor	8.12	5.14	23.33	3.75	1.58	2.45	4.3	2.87	2.9	1.09	5.49	3.58
ENSG00000172273.8	HINFP	291.841903918048	1.45370152032434	1.21592942821432e-08	protein_coding	up_tumor	44.92	28.37	75.26	29.73	14.39	12.74	16.08	17.48	20.45	16.92	17.88	20.2
ENSG00000154240.12	CEP112	182.666605728579	1.45294018616372	1.20451933212904e-07	protein_coding	up_tumor	34.27	38.25	85.21	37.06	21.55	12.19	12.55	17.12	11.06	15.14	11.07	22.38
ENSG00000186687.11	LYRM7	284.623061994311	1.45221739660853	8.73328987616134e-07	protein_coding	up_tumor	7.86	16.72	27.91	9.03	13.09	6.92	7.63	7.43	9.38	11.28	8.63	6.55
ENSG00000183049.8	CAMK1D	189.565833285015	1.44924734449775	5.36561728087753e-10	protein_coding	up_tumor	5.04	8.07	9.58	7.57	3.19	2.1	3.55	2.65	2.92	3.92	3.72	5.21
ENSG00000184226.10	PCDH9	318.052228769017	1.44493786516446	1.26324243781982e-08	protein_coding	up_tumor	13.75	13.07	25.05	12.82	7.38	4.92	6.18	9.24	4.66	6.72	5.54	7.98
ENSG00000100209.5	HSCB	177.816278029117	1.44232816603074	2.31848862236907e-10	protein_coding	up_tumor	41.16	62.84	93.75	48.96	31.27	15.27	19.85	23.86	22.35	26.81	25.98	33.32
ENSG00000154040.16	CABYR	76.5059198264508	1.44142389622768	0.000679063388718627	protein_coding	up_tumor	33.4	7.73	40.1	5.87	8.4	5.09	7.8	7.62	9.91	8.47	6.19	5.13
ENSG00000167815.7	PRDX2	57.9869093725824	1.44002495369005	0.00762643186090061	protein_coding	up_tumor	22.34	6.48	20.56	3.74	7.92	5.4	8.5	7.43	5.61	7.14	8.65	11
ENSG00000213918.6	DNASE1	286.707801842257	1.43875729477237	7.13109531662862e-07	protein_coding	up_tumor	14.85	17.26	34.22	17.59	10.1	8.71	9.13	5.65	8.54	11.13	9.1	8.34
ENSG00000105290.7	APLP1	104.912194133261	1.43776890217717	4.84960671488438e-06	protein_coding	up_tumor	26.23	23.66	37.2	20.58	14.97	14.29	18.06	11.91	12.45	12.78	13.11	7.62
ENSG00000155850.7	SLC26A2	240.22631119689	1.43772902782565	4.24644502323932e-17	protein_coding	up_tumor	5.95	8.64	5.55	7.56	2.91	2.82	3.43	3.6	2.61	4.28	2.35	2.98
ENSG00000076108.7	BAZ2A	968.309564199173	1.4351224265414	1.58744265357182e-06	protein_coding	up_tumor	249.95	112.84	489.8	112.86	24.15	29.86	18	15.91	17.27	31.21	15.01	33.16
ENSG00000119782.9	FKBP1B	25.8292193468692	1.43327037077779	8.63195881097858e-07	protein_coding	up_tumor	5.4	7.34	6.72	6.35	3.85	2.4	3.83	3.39	3.49	2.29	2.65	1.67
ENSG00000153914.11	SREK1	2279.43536618235	1.431572656364	1.76279506925934e-05	protein_coding	up_tumor	125.42	137.98	512.68	152.62	86.5	70.74	72.48	64.71	71.86	86.04	70.25	101.74
ENSG00000124766.4	SOX4	4054.98809599101	1.42820587972975	0.000887735015559588	protein_coding	up_tumor	37.85	213.5	368.49	200.46	106.67	54.35	67.42	82.08	75.13	126.97	60.33	122.43
ENSG00000164066.8	INTU	452.266531687388	1.42740577405375	6.05931885797343e-08	protein_coding	up_tumor	5.69	7.4	13	9	6.15	5.03	6.48	3.83	5.34	7.89	4.35	7.32
ENSG00000123200.12	ZC3H13	866.668900452041	1.42298527961983	3.20075649263144e-07	protein_coding	up_tumor	18.17	28.14	59.61	28.9	14.35	13.91	10.64	13	12.58	14.48	10.72	15.14
ENSG00000006432.11	MAP3K9	282.522610740287	1.41945131812647	4.91729955012875e-06	protein_coding	up_tumor	4.5	3.38	10.9	4.08	2.47	2.31	3.05	2.58	2.81	2.67	2.92	2.83
ENSG00000064547.9	LPAR2	116.371791567311	1.41807283637685	0.000125736362428012	protein_coding	up_tumor	5.38	19.62	21.95	22.47	12.79	6	6.15	7.39	10.63	10	8.03	10.38
ENSG00000171246.5	NPTX1	120.287481342237	1.41547606864139	1.44657174132621e-05	protein_coding	up_tumor	10.12	7.43	4.88	5.35	2.41	1.69	4.22	2.99	2.9	5.36	2.35	1.45
ENSG00000149531.10	FRG1B	303.410626836318	1.41264724436757	5.38351614896059e-08	protein_coding	up_tumor	73.18	117.19	272.32	150.31	61.23	43.89	42.01	49.5	58.32	59.13	42.31	61.66
ENSG00000143458.7	GABPB2	357.154037662902	1.41222441831054	1.10473262021751e-08	protein_coding	up_tumor	8.6	11.74	16.46	11.26	5.71	6.83	5.92	6.27	7.12	7.27	6.33	6.23
ENSG00000179094.9	PER1	159.970125445538	1.40959993231653	3.93243048544453e-06	protein_coding	up_tumor	16.52	16.17	7.21	9.36	8.89	5.82	12.21	5.32	6.49	6.54	5.87	6.09
ENSG00000001460.13	STPG1	121.803636249388	1.39687213162515	2.25752395194024e-08	protein_coding	up_tumor	5.03	7.83	14.73	10.15	7.35	4.14	7.42	6.93	6.32	6.48	4.92	6.31
ENSG00000177764.6	ZCCHC3	69.235534083256	1.3953035474931	0.00758845421696173	protein_coding	up_tumor	6.7	1.4	5.39	4.89	0.69	2.45	3.32	1.39	3.24	2.56	1.85	2.81
ENSG00000216895.4	AC009403.2	81.5831703538991	1.39528070442791	1.44653134989812e-10	protein_coding	up_tumor	13.15	29.39	36.07	25.97	12.09	9.65	17	19.32	16.18	17.7	16.44	12.15
ENSG00000125676.15	THOC2	2204.52292487166	1.39456687114023	1.06343406070896e-06	protein_coding	up_tumor	161.12	153.39	394.16	195.31	139.66	110.14	99.03	132.72	116.32	137.81	110.85	155.37
ENSG00000234545.3	FAM133B	939.414166514852	1.39437736416693	9.15158264829647e-09	protein_coding	up_tumor	129.41	153.78	262.03	164.24	76.84	46.83	47.93	55.43	53.78	75.97	49.08	87.99
ENSG00000160469.12	BRSK1	23.5903609921551	1.39258821101312	6.99524266178202e-05	protein_coding	up_tumor	1.08	2.1	4.34	5.13	1.49	1.07	1.14	0.98	1.89	1.34	1.37	1.25
ENSG00000131242.11	RAB11FIP4	325.267883536649	1.39197161294154	0.000105865400677981	protein_coding	up_tumor	3.25	8.55	20.11	9.96	4.44	5.93	7.09	6.61	6.29	4.01	4.76	4.75
ENSG00000115355.11	CCDC88A	1009.19370240847	1.39026697286025	3.95416828555078e-06	protein_coding	up_tumor	9.62	87.11	98.57	85.3	29.1	11.51	15.44	18.26	13.81	24.08	11.76	35.97
ENSG00000160818.12	GPATCH4	689.775004629866	1.38737728712149	6.34105913470275e-09	protein_coding	up_tumor	71.86	88.17	188.34	87.39	45.76	31.13	33.55	45	37.18	43.01	38.66	57.94
ENSG00000179431.5	FJX1	48.0907473341897	1.38693660890788	0.0148263904141674	protein_coding	up_tumor	9.9	3.13	6.66	1.29	2.14	2.06	4.06	5.04	3.89	2.8	3.29	1.78
ENSG00000116741.6	RGS2	141.160921343527	1.38463056068332	2.67883971084926e-17	protein_coding	up_tumor	25.61	25.71	24.4	27.23	11.86	9.18	10.27	13.04	12.06	9.82	18.17	13.59
ENSG00000110367.7	DDX6	233.083591366675	1.38160101964006	0.000548353494942966	protein_coding	up_tumor	18.53	11.65	35.49	13.92	4.78	7.24	8.24	7.18	6.31	5.11	7.4	4.58
ENSG00000114115.5	RBP1	183.276838815227	1.38020677483434	0.000144154930744886	protein_coding	up_tumor	57.82	40.65	50.44	34.88	27.88	8.19	26.34	32.01	14.12	23.42	21.5	29.3
ENSG00000113356.6	POLR3G	178.325131916284	1.37899609153411	4.13733193826483e-06	protein_coding	up_tumor	37.18	21.36	80.1	25.69	13.86	6.92	9.81	9.6	9.38	7.81	7.55	10.39
ENSG00000109670.9	FBXW7	261.095975662171	1.37877334356746	1.43448168961356e-05	protein_coding	up_tumor	6.97	18.9	43.56	16.67	9.57	9.62	8.82	7.26	10.05	8.39	7.98	10.73
ENSG00000109881.12	CCDC34	727.51685696694	1.37784633062315	2.69573701867321e-08	protein_coding	up_tumor	75.48	106.1	291.32	138.79	48.01	33.5	36.05	45.76	39.24	51.44	38.46	60.32
ENSG00000244509.3	APOBEC3C	307.660618637663	1.37167476712515	5.89174311462444e-07	protein_coding	up_tumor	20.56	27.36	73.88	24.74	16.07	14.82	13.52	17.45	15.05	15.56	11.09	17.09
ENSG00000005100.8	DHX33	554.59735874086	1.37147895524128	1.30379015200862e-07	protein_coding	up_tumor	14.13	17.75	41.06	20.16	10.76	8.49	10.4	9.99	10.45	11.37	10.04	14.03
ENSG00000163040.10	CCDC74A	19.9937393310347	1.37122398079214	0.00500516000284375	protein_coding	up_tumor	3.83	3.74	3.56	2.18	1.64	0.94	1.81	2.36	1.91	0.82	0.82	2.5
ENSG00000172379.14	ARNT2	115.949809390445	1.36685073526276	2.80616080976445e-07	protein_coding	up_tumor	12.97	14.78	22.8	13.17	5.15	2	3.17	4.17	4.35	4.31	1.92	7.31
ENSG00000186469.4	GNG2	15.4169212062051	1.36603684831194	0.064801199276293	protein_coding	up_tumor	13.56	1.95	5.55	1.23	0.75	0.77	1.42	2.88	0.44	1.22	4.93	1.53
ENSG00000196628.9	TCF4	397.498907126857	1.3626154940184	1.12194373198302e-06	protein_coding	up_tumor	21.63	22.52	43.01	20.15	11.36	4.26	8.08	10.4	7.18	8.88	8.51	13.79
ENSG00000163798.9	SLC4A1AP	379.220839168275	1.36065727826392	1.03423668906812e-13	protein_coding	up_tumor	20.26	30.53	44.11	24.61	14.22	13.81	15.21	13.87	14.29	12.26	15.7	14.17
ENSG00000196747.3	HIST1H2AI	19.189774906627	1.35889820492795	0.0380509894947946	protein_coding	up_tumor	14.63	3.42	12.1	2.36	3.13	2.01	3.47	4.93	3.71	5.03	3.03	8.39
ENSG00000071246.6	VASH1	71.4556963415583	1.35864009675794	7.49986866225028e-05	protein_coding	up_tumor	10.2	3.31	9.5	4.33	1.94	1.2	1.91	1.65	1.45	1.51	2	1.45
ENSG00000140451.8	PIF1	215.455790221464	1.35783953699301	7.19465500935142e-07	protein_coding	up_tumor	17.85	35.65	46.05	35.58	24.01	6.93	16.24	15.11	9.6	13.19	10.9	15.96
ENSG00000138193.10	PLCE1	175.809254013516	1.35759570562064	2.05089808976448e-05	protein_coding	up_tumor	21.59	17.43	36.05	20.46	9.68	6.26	7.04	5.66	7.44	10.74	7	8.25
ENSG00000163507.9	KIAA1524	184.356294946182	1.35658897809716	4.94050130737181e-07	protein_coding	up_tumor	7.36	13.34	26.2	12.79	7.46	4.6	7.17	7.18	5.87	5.7	6.68	7.55
ENSG00000137601.11	NEK1	101.838063849908	1.35618331873921	8.07618298050759e-06	protein_coding	up_tumor	2.72	4.4	11.89	3.94	2.27	2.08	2.01	1.73	2.12	2.71	1.8	2.4
ENSG00000105821.10	DNAJC2	868.603572574384	1.34287436536051	2.52226796648808e-09	protein_coding	up_tumor	72.8	93.31	168.63	85.39	47.33	41.64	44.79	46.49	50.97	54.46	38.61	70.62
ENSG00000205356.5	TECPR1	312.956815207417	1.34185471940122	2.02492684885961e-06	protein_coding	up_tumor	4.29	9.67	19.01	12.84	11.16	5.07	9.57	5.34	6.35	6.4	9.34	5.95
ENSG00000182324.5	KCNJ14	105.160761502921	1.33971879527601	8.63567471872814e-05	protein_coding	up_tumor	2.21	7.62	12.08	10.23	3.82	2.5	3.47	3.27	3.31	5.38	3.14	4.65
ENSG00000167595.10	C19orf55	286.432811756061	1.33894635572678	1.04079221583226e-06	protein_coding	up_tumor	35.62	43.76	103.45	44.39	23.93	25.57	21.33	19.26	21.01	22.51	17.49	28.49
ENSG00000241484.5	ARHGAP8	65.0569812208597	1.33336848496616	8.43917477773084e-08	protein_coding	up_tumor	3.28	14.2	11.47	15.15	5.5	7.52	5.33	5.87	5.45	9.01	6.01	6.16
ENSG00000122970.11	IFT81	630.949244336515	1.33153378723693	0.000140094116959651	protein_coding	up_tumor	63.07	31.31	85.4	31.03	26.54	23.9	28.24	23.3	23.75	28.95	24	22.94
ENSG00000118420.12	UBE3D	70.8671659827463	1.33133641257101	3.75701661768771e-09	protein_coding	up_tumor	4.38	12.02	8.6	12.94	7.85	6.87	4.08	4.87	5.28	9	4.61	6.68
ENSG00000134186.7	PRPF38B	1249.18982012274	1.32933377736415	0.000131143631480627	protein_coding	up_tumor	28	71.06	158.71	75.57	47.76	35.97	40.75	38.24	41.3	50.46	39.29	57.01
ENSG00000151276.19	MAGI1	195.197582342464	1.32888540539063	1.52731780904299e-07	protein_coding	up_tumor	7.92	7.51	26.47	8.74	3.31	3.39	3.18	2.98	2.84	3.61	2.87	3.81
ENSG00000138182.10	KIF20B	409.159360048164	1.32861461522746	1.63334163975169e-10	protein_coding	up_tumor	10.33	19.54	25.82	19.95	8.89	7.3	9.16	8.21	7.68	7.5	7.49	10.22
ENSG00000182500.7	ORAI1	181.153846927574	1.32839647515737	2.66349947399842e-09	protein_coding	up_tumor	10.92	18.86	27.85	21.2	9.82	7.41	7.76	9.44	8.55	10.17	9.89	12.43
ENSG00000167257.6	RNF214	169.677669337239	1.32084091502613	2.90447824975398e-08	protein_coding	up_tumor	17.47	11.57	31.66	13.36	6.86	7.78	11.79	6.43	7.86	7.23	8.33	8.04
ENSG00000160200.13	CBS	27.1147951432259	1.3201020737159	0.0102701406457633	protein_coding	up_tumor	4.25	1.5	2.79	1.81	1.24	1.57	2.07	2.45	1.3	0.79	1.27	1.64
ENSG00000160767.16	FAM189B	239.404421949184	1.31979001625679	1.59047053825649e-12	protein_coding	up_tumor	20.76	21.49	34.51	28.07	14.54	11.63	11.04	13.62	13.42	12.52	10.56	14.41
ENSG00000135637.9	CCDC142	136.737735797453	1.31867662990791	1.64465027791159e-06	protein_coding	up_tumor	3.71	10.03	14.77	12.61	6.42	3.9	7.97	5.2	5.84	5.38	5.48	6.14
ENSG00000151233.6	GXYLT1	231.509154624501	1.31781095225028	0.000214236727931289	protein_coding	up_tumor	8.07	4.44	13.49	4.03	5.04	4.49	5.92	6.28	5.09	5.5	4.19	5.73
ENSG00000139291.9	TMEM19	460.472483177348	1.31562890313348	2.98023377189094e-06	protein_coding	up_tumor	11.94	23.87	44.34	21.78	11.84	10.11	11	13.13	10.06	14.82	9.96	14.5
ENSG00000174672.11	BRSK2	12.87845681761	1.31272983005854	0.000955203058316615	protein_coding	up_tumor	1.13	2.02	1.2	1.09	0.35	0.9	1.32	0.62	0.53	0.44	0.67	0.86
ENSG00000166250.7	CLMP	11.5862703429011	1.31120813951814	0.00287759249813356	protein_coding	up_tumor	5.13	0.96	2.24	1.05	0.58	0.42	0.96	1.33	1.12	0.62	1.91	0.73
ENSG00000135297.11	MTO1	229.573017843105	1.31022918912796	4.45794941416561e-09	protein_coding	up_tumor	8.14	13.16	11.72	11.84	9.22	10.06	9.77	12.78	8.98	12.48	7.09	12.39
ENSG00000249992.1	TMEM158	12.0160417176934	1.30772492994996	0.019447731391873	protein_coding	up_tumor	0.66	3.06	0.8	1.84	0.4	0.78	0.89	0.34	0.75	1.62	0.58	0.66
ENSG00000169249.8	ZRSR2	308.660951187308	1.3065020613932	1.02723951184709e-07	protein_coding	up_tumor	42.6	42.33	75.42	42.55	26.98	21.94	20.97	23.44	27.84	27.52	23.68	31
ENSG00000112139.10	MDGA1	15.6611127604277	1.30623856908066	0.00484712322196491	protein_coding	up_tumor	1.13	1.18	2.11	2.11	1.74	0.42	0.26	0.94	0.59	1.87	0.78	0.36
ENSG00000138587.5	MNS1	125.25751578288	1.30530031527639	8.75168575491783e-07	protein_coding	up_tumor	12.52	19.66	23.58	22.93	14.8	16.14	15.22	17.53	12.48	8.73	10.24	16.67
ENSG00000071054.11	MAP4K4	1050.15961262561	1.30463815129439	3.82541978779877e-10	protein_coding	up_tumor	65.66	41.82	109.97	35.33	24.94	15.57	24.17	23.6	19.14	23.99	19.98	24.92
ENSG00000054267.16	ARID4B	991.062239690259	1.30462218011462	2.0022057421166e-06	protein_coding	up_tumor	35.71	55.26	120.35	53.94	26.81	23.3	18.35	19.3	25.96	28	20.16	32.5
ENSG00000172840.2	PDP2	50.5408280316452	1.3040481608001	1.93397852886826e-07	protein_coding	up_tumor	1.97	3.92	4.44	3.04	1.97	1.51	2.35	1.16	1.03	1.34	1.55	2.06
ENSG00000126870.11	WDR60	789.808496579883	1.30365676920584	5.93806925939411e-05	protein_coding	up_tumor	53.91	96.16	201.36	100.73	50.07	39.03	38.63	38.55	43.74	51.84	38.71	49.02
ENSG00000169213.6	RAB3B	311.193406864851	1.3030052640027	5.68716681768013e-06	protein_coding	up_tumor	3.47	4.3	9.44	4.34	2.84	3.67	2.52	2.04	2.51	2.48	2.64	2.3
ENSG00000165113.8	GKAP1	111.838495804958	1.30204430910468	0.000135399954645526	protein_coding	up_tumor	9.72	13.09	34.95	14.43	8.97	10.28	8.32	6.45	5.61	10.84	7.03	10.12
ENSG00000230453.5	ANKRD18B	490.680235885546	1.30194110244668	0.000554840764852878	protein_coding	up_tumor	134.59	124.64	462.21	139.26	56.38	30.82	28.67	39.86	43.02	66.99	32.69	84.65
ENSG00000203832.6	NBPF20	271.58292834183	1.30117684313806	0.000285898602768785	protein_coding	up_tumor	1.39	17.41	10.4	16.15	7.29	5.21	5.62	4.47	7.04	8.11	7.08	8.79
ENSG00000146909.3	NOM1	388.860251412402	1.30072124455913	1.42202791531385e-05	protein_coding	up_tumor	13.19	12.36	26.91	11.64	13.21	16.21	17.16	13.04	10.6	11.42	11.35	11.3
ENSG00000169169.10	CPT1C	67.9520753121197	1.30057803049202	9.1253120887347e-06	protein_coding	up_tumor	9.52	17.62	20.96	13.66	7.18	6.37	7.5	6.61	8.62	7.06	9.9	13.46
ENSG00000130816.10	DNMT1	532.925989107744	1.30023858629845	1.47222710665795e-09	protein_coding	up_tumor	69.73	130.71	158.51	119.75	52.01	26.6	40.76	42.84	26.23	44.81	30.74	61.17
ENSG00000183762.8	KREMEN1	225.256720482157	1.29753783534276	1.57401811631978e-07	protein_coding	up_tumor	8.86	11.2	20.73	10.01	4.56	3.28	5.51	5.54	5.16	6.95	4.98	7.12
ENSG00000133138.15	TBC1D8B	922.577056008505	1.29654697812704	0.000743273778184061	protein_coding	up_tumor	13.19	33.11	100.42	63.35	25.76	20.8	25.68	18.59	23.71	29.31	22.79	27.17
ENSG00000171169.8	NAIF1	112.995127636031	1.29642203671314	5.22374037345011e-11	protein_coding	up_tumor	4.84	17.9	13.65	14.08	8.34	5.74	10.97	7.5	9.1	8.37	8.4	9.35
ENSG00000139734.13	DIAPH3	106.699152146631	1.29152494159516	2.55617968589767e-06	protein_coding	up_tumor	4.72	5.55	11.83	4.8	2.81	1.73	3.42	2.79	2.06	2.61	1.84	2.79
ENSG00000213654.5	GPSM3	37.3779360898682	1.29050667945891	0.0312065457643728	protein_coding	up_tumor	10.64	2.32	5.42	2.38	5.33	1.81	1.34	3.1	2.89	2.18	4.26	2.21
ENSG00000134533.2	RERG	16.9680221550534	1.28376597327619	0.0046173735239012	protein_coding	up_tumor	3.98	2.27	5.25	1.35	0.64	1.97	1	1.16	0.74	0.66	1.26	1.05
ENSG00000164134.8	NAA15	594.985526361587	1.2833402248913	1.65351940858591e-08	protein_coding	up_tumor	19.06	18.4	35.83	18.2	12.63	10.63	12.54	13.89	10.26	13.26	14.92	17.05
ENSG00000072832.10	CRMP1	7.00144890222665	1.28330439241807	0.0554944596763225	protein_coding	up_tumor	0.19	0.58	1.22	0.3	0.33	0.17	0.18	0.15	0.3	0.68	0.21	0.36
ENSG00000111364.11	DDX55	767.824511424686	1.28271626981747	4.07934078825427e-06	protein_coding	up_tumor	38.59	86.3	176.04	103.1	43.93	29.11	42.67	37.11	41.2	54.12	41.37	60.22
ENSG00000174099.6	MSRB3	152.048447232381	1.2817261211716	1.02269853766896e-08	protein_coding	up_tumor	12.14	12.34	17.71	12.8	9.14	4.53	5.5	7.63	5.65	7.83	6.68	9.59
ENSG00000153029.10	MR1	161.59149639278	1.27998007516063	4.65745796913478e-11	protein_coding	up_tumor	6.6	13.43	17.94	13.1	7.73	4.54	7.45	8.39	8.54	8.46	7.37	6.94
ENSG00000185453.8	C19orf68	72.8757193946625	1.27875258448153	1.30379015200862e-07	protein_coding	up_tumor	5.29	5.22	10.56	7.62	2.96	3.76	3.78	3.39	4.66	5.71	3.67	3.9
ENSG00000163633.6	C4orf36	156.756169349556	1.27868756035686	1.95867717361368e-06	protein_coding	up_tumor	13.31	23.68	29.54	20.02	8.86	9.73	6.5	7.74	9.59	13.88	9.01	13.76
ENSG00000198142.3	SOWAHC	171.37185383511	1.27427175646559	7.89060063331849e-10	protein_coding	up_tumor	4.25	12.39	6.68	10.83	4.27	2.81	4.17	4.08	4.06	5.08	3.81	4.7
ENSG00000172058.11	SERF1A	82.7307408716988	1.27104441537544	0.0921231887720239	protein_coding	up_tumor	7.58	9.15	20.57	27.54	1.64	8.44	2.74	8.74	10.02	3.77	9.33	18.88
ENSG00000168887.6	C2orf68	340.999257920821	1.26972849711609	1.02720352893397e-06	protein_coding	up_tumor	37.95	32.06	69.18	32.83	20.57	24.75	25.9	26.9	26.05	24.18	24.12	22.29
ENSG00000144278.10	GALNT13	17.7200162996577	1.26690319383734	0.0647048329505768	protein_coding	up_tumor	1.49	0.13	2.5	1.75	1.1	1.57	1.51	1.19	0.74	1.13	0.16	0.6
ENSG00000124120.6	TTPAL	244.344669912514	1.26455329984698	1.01293357243476e-08	protein_coding	up_tumor	6.72	7.42	14.13	7.2	4.94	3.72	4.99	4.54	4.43	5.74	3.96	4.74
ENSG00000198840.2	MT-ND3	7622.11641370222	1.26295678249319	1.59803749728636e-05	protein_coding	up_tumor	3196.67	7127.49	4740.87	8299.8	2646.22	4130.78	2010.79	1925.98	2387.91	3545.9	2049.42	3746.55
ENSG00000004660.10	CAMKK1	134.648991394647	1.26066697217303	2.38565645216022e-08	protein_coding	up_tumor	7.21	7.22	11.09	6.2	4.36	3.23	4.71	4.53	4.7	3.92	3.63	5.02
ENSG00000073331.13	ALPK1	264.606670922651	1.25916355631363	0.00155245144448892	protein_coding	up_tumor	180.1	8.77	82.89	13	7.21	7.61	8.8	7.48	8.1	7.97	8.6	7.97
ENSG00000125354.18	SEPT6	121.977817318394	1.25463967553687	6.73808996400469e-08	protein_coding	up_tumor	7.77	16.53	13.06	12.92	5.99	4.86	10.39	7.43	4.96	5.43	5.65	8.28
ENSG00000167703.10	SLC43A2	164.365527030589	1.2536249717724	9.91375649150519e-10	protein_coding	up_tumor	6.99	14.3	16.24	12.58	6.27	4.79	5.56	5.92	4.4	10.18	6.99	9.74
ENSG00000103942.8	HOMER2	113.352271531339	1.2532489988411	4.53542413137326e-06	protein_coding	up_tumor	5.86	5.58	9.09	6.2	4.07	5.48	6.16	3.65	4.61	4.74	6.04	3.48
ENSG00000221968.4	FADS3	229.885442815778	1.25275634872677	3.69659322157424e-07	protein_coding	up_tumor	13.45	14.15	16.91	15.29	18.53	7.44	17.02	12.26	13.32	11.17	11.64	20.14
ENSG00000083454.17	P2RX5	7.44425946202133	1.25196256286852	0.0650757561825711	protein_coding	up_tumor	0.68	2.18	0.38	3.12	1.51	0.77	0.54	0.4	0.78	0.92	0.21	0.65
ENSG00000162378.8	ZYG11B	326.943606634274	1.24905957425376	0.000148009297340575	protein_coding	up_tumor	9.11	5.82	14.7	4.18	4.67	4.27	5.1	4.27	4.38	4.66	4.4	4.69
ENSG00000152404.11	CWF19L2	267.417639743182	1.24707667355123	7.61857221843274e-05	protein_coding	up_tumor	7.93	24.13	46.13	26.57	13.39	11.01	9.15	11.92	10.81	13.89	9.59	14.27
ENSG00000130748.6	TMEM160	119.002110462473	1.24700657310493	2.35955819688119e-05	protein_coding	up_tumor	27.65	53.66	35.19	57	17.4	8.69	20.26	17.22	22.59	31.09	30.22	26.42
ENSG00000131437.11	KIF3A	261.893446579397	1.24662836033361	2.02595873659274e-06	protein_coding	up_tumor	12.03	13.99	38.51	16.47	6.25	9.49	8.03	6.28	7.81	11.6	5.95	6.06
ENSG00000204084.8	INPP5B	184.229626160954	1.24655661475488	1.77137257899288e-06	protein_coding	up_tumor	8.56	9.5	23.92	10.84	5.24	4.37	6.62	5.79	6.82	6.51	5.56	7
ENSG00000171475.9	WIPF2	1217.9335039603	1.24487145560985	1.59369121232282e-07	protein_coding	up_tumor	17.91	37.28	57.38	38.47	24.54	17.54	19.08	19.99	19.37	23.54	19.63	25.28
ENSG00000270800.1	RPS10-NUDT3	54.0889585421909	1.24322678134492	0.076071216747076	protein_coding	up_tumor	22.15	1.29	23.28	3.64	4.81	6.09	8.02	8.15	8.83	6.26	10.73	5.23
ENSG00000189403.10	HMGB1	4562.05883777524	1.24300066786837	7.44591429996335e-06	protein_coding	up_tumor	836.31	490	1103.22	408.33	346.05	259.25	379.49	371.56	283.21	326.13	298.38	355.88
ENSG00000148798.5	INA	91.3946203575369	1.24237271113533	6.55006957801506e-08	protein_coding	up_tumor	6.21	6.35	7.83	4.09	2.63	2.63	3.63	3.22	3.23	3.25	3.49	3.36
ENSG00000085224.16	ATRX	2042.65121449488	1.24175172015686	5.12314593281168e-05	protein_coding	up_tumor	17.35	50.99	74.81	50.84	23.09	19.93	20.69	22.01	25.8	25.28	24.52	28.7
ENSG00000005810.13	MYCBP2	437.572158172418	1.24163186442154	1.37050943989983e-07	protein_coding	up_tumor	58.32	102.91	221.88	84.31	28.1	13.81	13.62	23.63	13.71	38.88	17.04	35.94
ENSG00000138035.10	PNPT1	629.170251409764	1.24033454784618	2.16263132286873e-12	protein_coding	up_tumor	50.5	53.94	84.89	50.68	30.86	20.17	22.94	24.29	31.84	30.9	31.22	33.35
ENSG00000136819.10	C9orf78	756.267566422854	1.24017820180883	1.96685061552591e-05	protein_coding	up_tumor	59.74	82.04	187.32	79.71	51.66	45.77	50.76	57	48.7	58.53	50.69	70.33
ENSG00000198604.6	BAZ1A	1343.12479536776	1.23720760678563	1.31845622036633e-05	protein_coding	up_tumor	39.78	95.05	203.2	92.24	41.53	26.23	29.18	36.26	36.17	43.17	27.27	58.72
ENSG00000185753.8	CXorf38	94.234288018473	1.23494511100571	7.12186229739487e-06	protein_coding	up_tumor	7.65	7	18.38	8.59	5.03	5.12	6.31	6.15	5.74	4.83	5.05	5.87
ENSG00000138443.11	ABI2	355.325781917248	1.23447700534405	2.40419725729793e-08	protein_coding	up_tumor	17.84	15.01	18.93	11.06	12.39	10.85	10.3	12.5	9.96	13.28	12.41	10.54
ENSG00000188735.8	TMEM120B	259.739804872379	1.23017085482857	2.54891506034517e-07	protein_coding	up_tumor	11.38	14.31	27.27	16.4	8.51	10.94	8.1	8.85	9.22	9.72	8.59	8.67
ENSG00000064393.11	HIPK2	400.130486128554	1.22851169461689	9.79924906885473e-08	protein_coding	up_tumor	8.95	4.04	7.98	5.21	3	3.25	2.74	3.34	2.81	3.5	2.75	3.51
ENSG00000103994.12	ZNF106	425.686711129997	1.22718071526029	1.59125359960474e-07	protein_coding	up_tumor	18.34	17.54	50.47	17.87	7.86	6.2	4.99	6.76	6.45	9.4	5.46	7.79
ENSG00000012048.15	BRCA1	386.226028369033	1.22632018494367	1.83278418774288e-09	protein_coding	up_tumor	32.7	37.77	60.26	37.46	18.74	9.58	11.67	17.36	11.79	16.29	12.72	21.18
ENSG00000010810.13	FYN	48.2223603692266	1.22338636331563	0.0506598516007941	protein_coding	up_tumor	20.51	3.18	7.98	2.28	3.01	1.7	5.61	4.78	2.73	3.66	7.82	2.5
ENSG00000152377.8	SPOCK1	9.35626976394084	1.22060366549059	0.038797705646481	protein_coding	up_tumor	2.01	0.46	1.05	0.38	0.48	0.19	0.09	0.36	0.52	0.2	0.3	0.14
ENSG00000004799.7	PDK4	870.881445015433	1.21833157297065	3.83862752249734e-05	protein_coding	up_tumor	27.15	42.34	103.46	45.52	29.22	30.03	26.61	25.7	23.49	33.1	31.25	29.36
ENSG00000135931.13	ARMC9	119.013018820361	1.21705188690244	4.5102583533497e-06	protein_coding	up_tumor	6.84	5.77	6.92	7.44	5.12	4.92	4.42	4.94	4.61	6.44	5.46	4.81
ENSG00000136490.4	LIMD2	62.4154921803674	1.21658477959208	0.0139523318762261	protein_coding	up_tumor	31.81	4.32	12.98	4.16	5.38	3.22	7.24	6.33	4.34	8.28	10.54	5.81
ENSG00000141098.8	GFOD2	257.387188121301	1.21523754069135	4.00443642073253e-11	protein_coding	up_tumor	15.44	18.93	28.29	19.33	11.68	11.87	11.08	11.77	11.49	13.41	12.84	10.26
ENSG00000141027.16	NCOR1	2006.21116303462	1.21239817140161	2.73463965903965e-07	protein_coding	up_tumor	103.67	307.52	565.53	327.35	145.69	114.21	93.46	122.27	119.13	154.85	84.19	189.68
ENSG00000164091.7	WDR82	765.666182158122	1.21048403375409	1.58502931403362e-05	protein_coding	up_tumor	36.01	26.36	63.93	23.8	18.87	20.19	23.17	22.1	19.13	21.57	20.19	18.08
ENSG00000111642.10	CHD4	1560.30230406811	1.20990868900559	5.57594691320665e-11	protein_coding	up_tumor	50.12	113.9	291.89	93.65	46.51	51.47	61.93	58.43	59.95	40.82	55.84	44.68
ENSG00000170365.5	SMAD1	52.6867050046161	1.20679695120045	2.63198559551769e-05	protein_coding	up_tumor	4.36	4.17	14.5	4.52	2.82	4.66	2.85	3.71	2.85	2.93	3.99	1.92
ENSG00000166704.7	ZNF606	88.5006745016686	1.20653767045735	1.4408885555034e-07	protein_coding	up_tumor	20.99	14.33	42.18	20.25	7.86	5.24	6.15	4.91	4.99	5.05	5.26	8.27
ENSG00000064419.9	TNPO3	349.596447229853	1.20360324225035	3.61999826504865e-08	protein_coding	up_tumor	15.71	16.5	30.13	17.6	8.8	10.68	13.94	9.47	10.25	10.32	12.62	9.12
ENSG00000117280.8	RAB7L1	159.115655487808	1.19796474055694	4.30392153110495e-10	protein_coding	up_tumor	11.2	12.6	16.83	12.96	6.56	5.9	4.81	7.31	5.31	6.45	6.19	7.52
ENSG00000006042.7	TMEM98	163.711670273604	1.1968264966507	1.28071897692175e-10	protein_coding	up_tumor	23.13	19.95	28.6	21.29	12.92	13.49	11.62	14.68	9.44	10.52	12.15	11.26
ENSG00000163960.7	UBXN7	300.970540957812	1.19287419029335	6.85941554678232e-05	protein_coding	up_tumor	5.53	6.02	13.86	6.76	3.76	5.76	5.82	5.53	3.93	3.78	4.78	4
ENSG00000128829.7	EIF2AK4	417.455045685787	1.19183045925501	8.92534759672566e-08	protein_coding	up_tumor	23.49	24.23	58.96	35.07	15.67	12.19	14.55	18.63	17.08	17.62	19.12	22.06
ENSG00000205659.6	LIN52	140.797623779754	1.19076221245531	8.95514998291425e-07	protein_coding	up_tumor	7.64	9.3	19.92	10.64	6.01	6.05	6.04	7.24	5.23	6.93	6.85	6.47
ENSG00000204252.8	HLA-DOA	61.7635363232234	1.18939801203276	0.082718566322105	protein_coding	up_tumor	42.51	3.6	5.14	1.86	13.82	17.14	15.06	18.14	4.67	11.03	83.24	7.91
ENSG00000100124.8	ANKRD54	239.487011525496	1.18906440634059	8.18941185692538e-07	protein_coding	up_tumor	40.6	25.45	72.18	29.31	16.78	13.23	16.33	16.18	15.93	16.46	14.67	18.05
ENSG00000165046.8	LETM2	87.4931846351566	1.18861624013249	1.1465427953889e-07	protein_coding	up_tumor	7.79	12.43	15.39	14.64	12.61	11.74	11.66	10.28	12.01	10.92	11.06	12.77
ENSG00000170088.9	TMEM192	310.051727200762	1.18819423219466	1.07978324294165e-06	protein_coding	up_tumor	8.91	12.76	17.48	11.57	7.99	6.69	9.84	9.33	9.86	8.81	8.78	11.26
ENSG00000196227.6	FAM217B	312.373150832846	1.188012535135	0.000508077056878106	protein_coding	up_tumor	7.62	13.3	25.17	11.84	9.44	7.47	5.7	6.21	5.62	8.46	5.29	8.98
ENSG00000107796.8	ACTA2	463.127831065522	1.18270848747012	0.0349959533807507	protein_coding	up_tumor	107.31	41.1	126.2	28.41	42.35	20.09	69.09	69.6	32.88	33.36	58.94	46.45
ENSG00000118900.10	UBN1	498.175647155234	1.17759894515222	1.01758220135165e-06	protein_coding	up_tumor	60.3	67	166.73	53.28	20.47	10.77	10.8	14.88	13.85	17.17	12.34	29.82
ENSG00000224877.3	C17orf89	369.333742868275	1.17645203156671	0.000170130086911409	protein_coding	up_tumor	81.69	268.1	123.01	196.83	138.1	70.05	77.56	119.18	79.49	118.26	79.56	123.62
ENSG00000154839.5	SKA1	151.960092600803	1.17587622569311	0.000222073219529544	protein_coding	up_tumor	11.66	7.56	18.09	6.81	6.81	5.09	7.81	8.58	5.46	5.6	4.66	6.22
ENSG00000167191.7	GPRC5B	57.3685194173977	1.17524515176047	0.00358871762223895	protein_coding	up_tumor	4.8	3.24	5.81	2.78	2.96	3.75	4.42	2.6	4.02	3.08	2.78	4.96
ENSG00000123600.14	METTL8	249.634805184886	1.17311796117545	1.28016430047656e-05	protein_coding	up_tumor	5.41	15.07	23.47	15.13	8.39	7.46	10.2	10.14	9	8.02	6.38	10.07
ENSG00000027075.9	PRKCH	38.1331883691694	1.17088309130842	0.00492527729777174	protein_coding	up_tumor	9.92	5.38	18.77	7.45	5.76	5.21	2.97	3.44	7.28	4.68	4.34	4.78
ENSG00000147526.15	TACC1	626.146224116227	1.1697268481283	1.31396081662721e-07	protein_coding	up_tumor	12.17	26.85	35.57	25.15	14.51	12.35	11.44	16.47	12.69	14.87	15.21	15.08
ENSG00000116017.6	ARID3A	364.957503173232	1.16963638279531	3.16272080976464e-06	protein_coding	up_tumor	8.52	15.07	29.14	15.46	7.34	8.57	11.77	7.83	15.34	12.76	9.91	11.27
ENSG00000126653.11	NSRP1	952.07368086692	1.16887256359216	3.19163495068738e-06	protein_coding	up_tumor	106.59	160.96	318.37	142.87	76.48	57.68	56.64	63.84	71.74	76.59	58.79	94.67
ENSG00000180488.10	FAM73A	129.972604834419	1.16878545543171	2.41848263110899e-08	protein_coding	up_tumor	3.91	5.57	8.2	4.41	2.78	2.93	3.21	2.58	3.21	3.38	2.62	2.63
ENSG00000177469.12	PTRF	1370.11064857665	1.16754651593222	0.000138938550578721	protein_coding	up_tumor	67.79	53.41	135.44	41.67	41.7	36.22	47.91	48.57	42.74	38.09	43.6	33.75
ENSG00000123352.13	SPATS2	669.142104363445	1.16578309483507	7.94956682593903e-12	protein_coding	up_tumor	34.49	105.55	108.66	96.83	36.37	24.48	31.01	36.04	37.45	44.38	30.56	44.02
ENSG00000145734.14	BDP1	467.022165936357	1.16514794148749	0.000102146089866891	protein_coding	up_tumor	4.73	12.35	26.04	14.2	10.58	9.6	11.36	8.91	10.88	10.93	8.46	9.91
ENSG00000116580.14	GON4L	479.297140149321	1.1636206053989	1.03029022508516e-06	protein_coding	up_tumor	18.62	32.46	43.83	29.27	26.25	18.52	19.15	17.51	21.43	20.98	16.68	25.92
ENSG00000172113.4	NME6	166.208180517946	1.16357822314386	1.59801082293938e-08	protein_coding	up_tumor	24.49	28.28	42	21.89	15.65	18.48	21.15	19.97	15.31	17.39	21.3	19.15
ENSG00000118620.8	ZNF430	78.0579152799176	1.16291711473173	0.000465805637873284	protein_coding	up_tumor	9.18	18.59	26	16.62	6.98	1.94	2.25	2.52	1.8	7.38	2.14	8.22
ENSG00000180423.4	HARBI1	59.3271872006572	1.16248299076945	4.75127771362995e-05	protein_coding	up_tumor	3.62	6.8	10.4	5.91	3.41	3.33	3.44	3.88	3.53	4.87	3.66	4.97
ENSG00000148153.9	INIP	289.699422594889	1.16230808270162	4.44064124087619e-06	protein_coding	up_tumor	14.54	18.41	29.99	15.1	12.32	11.9	12.22	11.32	10.91	15.13	9.37	14.06
ENSG00000132424.10	PNISR	1959.67498840227	1.16081463741278	0.000758119267009533	protein_coding	up_tumor	45.54	133.84	277.89	139	71.73	72.16	72.89	67.64	77.1	87.39	71.31	80.04
ENSG00000103351.8	CLUAP1	181.501321249582	1.1602366189078	1.98785486407427e-08	protein_coding	up_tumor	7.09	13.3	14.72	11.06	10.9	9.73	10.88	11.59	12.92	16.79	10.97	12.62
ENSG00000104205.8	SGK3	168.794058564902	1.15991000278232	2.14155027686812e-07	protein_coding	up_tumor	20.21	20.02	39.49	18.33	6.61	7.15	5.29	6.8	8.1	9.51	8.39	8.32
ENSG00000184922.9	FMNL1	437.466386999362	1.15867842435745	5.32632085843008e-18	protein_coding	up_tumor	30.45	57.63	70.39	69.34	28.75	18.98	29.76	20.12	24.79	24.84	23.15	22.15
ENSG00000228253.1	MT-ATP8	5105.07438843839	1.15760177579096	1.58538148327025e-08	protein_coding	up_tumor	5452.28	5593.03	8321.76	7934.68	3429.12	4860.23	3462.99	2811.65	3704.34	4060.96	3243.33	4015.9
ENSG00000173614.9	NMNAT1	109.437306667943	1.15573959495236	2.73990647924547e-07	protein_coding	up_tumor	8.13	12.27	15.94	11.14	4.14	5.02	5.44	5.59	6.23	5.9	5.29	6.77
ENSG00000133812.10	SBF2	515.708109094526	1.15392578959862	8.74878225361579e-06	protein_coding	up_tumor	25.16	16.1	43.33	20.32	18.04	13.86	19.04	13.77	15.05	13.69	15.31	13.39
ENSG00000108423.10	TUBD1	204.048833537517	1.1532056266795	4.95629047409301e-06	protein_coding	up_tumor	23.57	35.95	52.66	38.63	20.78	12.76	19.11	18.78	17.43	23.29	15.75	26.21
ENSG00000167522.10	ANKRD11	2100.14403280959	1.14931057497214	7.25889367471368e-07	protein_coding	up_tumor	35.75	56.3	93.5	63.22	45.35	38.21	47.72	42.46	41.66	43.08	41.8	45.75
ENSG00000135899.12	SP110	125.395113280256	1.14864881021671	2.32494903836093e-06	protein_coding	up_tumor	7.94	12.68	26.86	12.82	7.59	6.24	8.02	7.95	9.76	6.62	11	6.15
ENSG00000213066.7	FGFR1OP	315.835082677449	1.14772518473125	0.00010284229782504	protein_coding	up_tumor	8.62	10.6	10.91	7.84	7.26	9.21	9.65	9.45	10.62	9.4	10.98	10.42
ENSG00000123106.6	CCDC91	386.387347103365	1.14558398617121	0.000142373729771267	protein_coding	up_tumor	64.28	98.63	379.01	94.85	39.91	38.77	31.07	29.71	31.59	41.22	22.64	40.19
ENSG00000008513.10	ST3GAL1	553.751227956407	1.14363991686754	1.69760176021194e-06	protein_coding	up_tumor	19.67	17.93	37.15	21.03	12.56	12.88	12.73	11.28	13.56	14.16	16.51	15.87
ENSG00000134013.11	LOXL2	184.43496655821	1.13817707627903	0.0039765069232578	protein_coding	up_tumor	25.61	6.65	21.34	7.53	4.85	4	9.1	7.18	8.63	7.43	8.93	5.53
ENSG00000184368.11	MAP7D2	67.3535588381636	1.13776373911671	0.00669996298829237	protein_coding	up_tumor	5.54	2.66	10.77	4.11	2.58	2.94	2.69	2.65	2.65	2.53	2.14	3.18
ENSG00000144029.7	MRPS5	998.283599140811	1.13741584323101	4.22565537636835e-09	protein_coding	up_tumor	62.51	160.76	214.44	183.71	74.33	72.96	82.58	77.81	83.35	86.42	79.67	77.35
ENSG00000197256.6	KANK2	339.532423036723	1.13660314495011	2.40015534212399e-11	protein_coding	up_tumor	62.21	39.61	118.6	40.71	19.37	15.56	17.8	15.85	17.96	18.33	14.85	18.1
ENSG00000185129.4	PURA	408.202610862557	1.13554204354523	0.000885812475452624	protein_coding	up_tumor	12.36	35.75	59.85	32.41	23.45	14.94	14.73	18.59	15.23	22.99	17.17	27.19
ENSG00000157895.7	C12orf43	186.466038052431	1.13526108839876	4.75277348765936e-11	protein_coding	up_tumor	15.64	17.51	29.21	17.49	9.76	9.67	14.93	11.12	11	10.76	11.77	9.91
ENSG00000203867.7	RBM20	55.4184077797257	1.13100169321185	0.016765947410802	protein_coding	up_tumor	7.19	2.33	16.44	2.33	2.3	1.7	0.89	1.45	2.95	1.82	1.83	1.81
ENSG00000182378.8	PLCXD1	185.974538617365	1.1300671490214	7.62493074206374e-05	protein_coding	up_tumor	6.79	7.36	12.43	8.17	7.76	5.79	9.44	6.95	6.76	6.34	7.02	6.43
ENSGR0000182378.8	PLCXD1	185.974538617365	1.1300671490214	7.62493074206374e-05	protein_coding	up_tumor	6.79	7.36	12.43	8.17	7.76	5.79	9.44	6.95	6.76	6.34	7.02	6.43
ENSG00000212719.6	C17orf51	51.8498242037253	1.12846834535851	0.00123516736092153	protein_coding	up_tumor	2.87	2.77	10.99	2.63	0.43	1.61	1.51	2.08	1.45	0.76	1.09	1.6
ENSG00000163939.14	PBRM1	421.125067676702	1.12793690724913	1.91793637552412e-09	protein_coding	up_tumor	22.32	26.86	60.49	23.55	11.15	7.64	10.23	8.28	7.26	9	8.12	10.33
ENSG00000213463.3	SYNJ2BP	123.331675202406	1.12768216740986	2.37282435273622e-12	protein_coding	up_tumor	11.7	16.87	16.22	13.65	9.39	11.73	11.05	8.13	10.55	8.91	10.64	10.3
ENSG00000214575.5	CPEB1	32.8825141333367	1.12575435067371	0.000103477509869077	protein_coding	up_tumor	2.77	3.15	2.88	2.36	0.63	0.95	1.44	2.35	1.78	2.1	1.09	1.69
ENSG00000114948.8	ADAM23	17.5862978720377	1.12495000382876	0.016481268560598	protein_coding	up_tumor	1.09	1.92	0.8	1.09	0.77	0.5	0.65	0.74	0.19	0.54	0.75	0.3
ENSG00000164074.10	C4orf29	223.406375565583	1.12370963187889	3.9462984586586e-06	protein_coding	up_tumor	5.46	8.01	15.12	8.59	7.37	7.1	8.39	6.14	7.84	6.76	6.37	8.82
ENSG00000084731.9	KIF3C	201.321796056803	1.12296734951819	0.00147319907707843	protein_coding	up_tumor	15.97	6.14	16.73	12.67	4.62	3.98	5.94	7.67	3.62	5.54	8.21	5.01
ENSG00000165914.10	TTC7B	90.2585196654636	1.12087636005511	0.00395546261016095	protein_coding	up_tumor	30.84	11.2	41.36	7.25	5.36	10.61	6.67	8.28	6.55	8.97	7.53	8.37
ENSG00000177000.6	MTHFR	279.421566752468	1.1201537530092	2.24696670299388e-07	protein_coding	up_tumor	9.86	8.46	19.49	8.83	5.36	6.26	6.81	7.17	7.34	7.38	5.6	7.59
ENSG00000133059.12	DSTYK	374.344586529925	1.12003947548743	2.93840569615983e-09	protein_coding	up_tumor	5.72	11.91	15.71	10.46	6.95	6.11	5.74	6.18	6.02	6.7	5.51	5.87
ENSG00000137776.12	SLTM	2151.52971558521	1.12000052274993	2.48566616462079e-05	protein_coding	up_tumor	68.59	181.26	319.96	175.78	98.5	69.7	73.46	82.52	77.77	102.42	75.05	116.63
ENSG00000114473.9	IQCG	62.3472717827447	1.11797037514694	1.12682231214688e-07	protein_coding	up_tumor	10.01	14.73	20.01	13.13	5.7	4.85	4.64	4.72	7.06	8.19	5.37	8
ENSG00000142544.6	CTU1	66.4723693864168	1.11676248818747	2.43128475648893e-05	protein_coding	up_tumor	7.44	6.79	5.59	6.87	2.01	3.91	3.33	3.56	4.69	4.29	4.87	3.53
ENSG00000077782.15	FGFR1	465.878315501942	1.11526062875703	5.07256611485763e-09	protein_coding	up_tumor	47.67	44.74	53.89	44.11	22.07	13.61	27.2	21.29	23.97	21.79	24.97	18.3
ENSG00000101000.4	PROCR	130.861077592185	1.11511449409355	1.89784521855457e-06	protein_coding	up_tumor	19.67	26.84	16.89	20.48	14.11	7.74	12.02	16.15	10.31	12.49	7.98	13.13
ENSG00000171865.5	RNASEH1	282.217760800607	1.11452571918498	4.89664253966512e-15	protein_coding	up_tumor	20.13	35.96	33.07	28.21	17.25	14.92	17.52	20.64	14.99	16.67	16.06	19.9
ENSG00000087884.10	AAMDC	155.301789915551	1.11430725046185	2.29793180165351e-08	protein_coding	up_tumor	41.75	50.48	78.46	50.07	31.25	34.85	34.57	35.77	34.46	38.88	34.84	37.47
ENSG00000130244.8	FAM98C	330.195497783152	1.11219402386613	1.09420854834205e-06	protein_coding	up_tumor	15.26	18.35	32.61	25.36	23.98	18.13	24.19	18.07	28.11	23.17	25.27	18.85
ENSG00000082068.4	WDR70	249.8498082373	1.10928777392289	3.11940019937729e-05	protein_coding	up_tumor	25.18	41.25	68.58	42.85	25.56	26.19	28.45	28.65	30.34	34.53	29.83	25.41
ENSG00000188266.9	HYKK	57.6767754186814	1.10713218772244	7.19410705580119e-05	protein_coding	up_tumor	3.59	8.72	9.22	9.21	6.9	8.2	6.27	5.21	6.92	8.18	5.07	5.42
ENSG00000038219.8	BOD1L1	964.902922573873	1.10706657297653	0.000194065526615424	protein_coding	up_tumor	9.95	31.72	46.51	29.43	23.8	16.9	17.84	15.43	20.14	22.18	19.55	22.22
ENSG00000152413.10	HOMER1	93.585437544286	1.10419189250159	3.59227537216141e-06	protein_coding	up_tumor	4.7	9.48	4.23	10.48	4.45	2.5	1.73	3.26	3.67	3.84	2.12	3.94
ENSG00000130830.10	MPP1	62.5947551842588	1.10396837722181	7.40424875613678e-05	protein_coding	up_tumor	10.55	6.21	8.11	5.63	3.76	3.96	4.72	4.65	5.76	4.19	5.47	5.32
ENSG00000141141.10	DDX52	589.193614719375	1.10383511040147	1.82315374966019e-09	protein_coding	up_tumor	19.24	25.66	41.63	24.75	18.2	15.62	18.57	19.18	18.82	18.76	15.41	18.5
ENSG00000155744.5	FAM126B	206.63466986591	1.10310258638235	1.10582914467234e-06	protein_coding	up_tumor	5.9	8.32	10.66	7.74	4.2	2.79	3.7	3.35	2.9	4.37	3.33	3.9
ENSG00000203778.3	FAM229B	25.8765085343429	1.1027297680778	0.000400864773284868	protein_coding	up_tumor	3.17	3.83	5.65	5.7	6.11	3.23	5.69	4.78	4.11	3.79	5.44	3.22
ENSG00000129991.8	TNNI3	34.1367240128154	1.1025358233199	0.00855115812297427	protein_coding	up_tumor	3.08	16.24	12.18	13.37	9.68	4.98	3.87	3.99	3.83	6.44	8.64	10.37
ENSG00000023902.9	PLEKHO1	133.071077837414	1.10207905311082	0.000400864773284868	protein_coding	up_tumor	22.25	18.62	24.65	11.79	11.44	7.34	11.1	17.09	8.99	13.32	11.77	16.36
ENSG00000159259.7	CHAF1B	223.425155337117	1.09958210253122	9.72401792404252e-06	protein_coding	up_tumor	10.45	8.67	18.73	9.91	7.88	4.72	6.2	7.33	5.19	6.08	5.62	7.83
ENSG00000141867.13	BRD4	833.247781502722	1.09913079938372	1.90577579787401e-07	protein_coding	up_tumor	23.09	73.33	67.09	61.98	34.26	20.57	20.37	22.74	21.63	33.74	18.57	44.21
ENSG00000186001.8	LRCH3	362.29329198941	1.09846558868318	1.2896670171817e-08	protein_coding	up_tumor	20.67	12.09	32.97	11.69	15.28	11.76	16.65	12.21	13.82	12.16	10.27	6.65
ENSG00000117523.11	PRRC2C	3056.21656610514	1.09685156137509	9.71947759818754e-05	protein_coding	up_tumor	51.8	144.18	225.48	136.66	88.7	73.83	67.82	75.89	82.1	94.19	74.04	102.28
ENSG00000132763.10	MMACHC	31.2307493371966	1.09668644555965	0.00887333249371939	protein_coding	up_tumor	1.92	1.16	12.32	1.38	1.14	0.71	1.94	1.23	1.31	1.07	2.07	1.33
ENSG00000125741.4	OPA3	525.02236470969	1.0948727241518	1.9031375799112e-07	protein_coding	up_tumor	10.61	15.31	27.71	17.55	12.24	11.98	11.77	11.32	11.49	10.5	11.41	13.57
ENSG00000143322.15	ABL2	532.237414457378	1.0947102797462	1.69499213702828e-06	protein_coding	up_tumor	6.65	11.24	24.01	11.51	7.02	5.2	6.24	6.2	6.59	7.81	5.84	9.49
ENSG00000139433.5	GLTP	386.036255407074	1.09369579802602	4.45979710022017e-10	protein_coding	up_tumor	36.34	36.85	42.95	32.18	18.76	19.27	17.51	19.02	16.86	21.02	21.88	26.09
ENSG00000102967.7	DHODH	127.895884618757	1.09171302598768	2.90000692790143e-12	protein_coding	up_tumor	11.27	12.14	16.55	13.79	8.32	8.59	9.29	10.74	7.02	8	8.94	8.14
ENSG00000013016.10	EHD3	52.5225198321931	1.08859398001188	0.00643504366805304	protein_coding	up_tumor	3.41	1.79	2.87	1.74	1.01	1.53	1.83	1.86	1.54	1.78	1.88	0.87
ENSG00000128394.12	APOBEC3F	28.0684603349974	1.0866314753559	0.00141777805774294	protein_coding	up_tumor	2.41	2.28	3.13	2.56	2.39	2.33	1.71	2.6	2.48	3.28	3.23	1.09
ENSG00000099810.14	MTAP	81.113063267049	1.08592791639939	9.84537534340355e-05	protein_coding	up_tumor	9.63	15.23	15.35	13.49	11.86	6.42	15.25	12.19	12.07	11.79	8.38	8.02
ENSG00000115461.4	IGFBP5	143.060230063197	1.08459577242134	0.00865714178579866	protein_coding	up_tumor	1.45	10.94	4.33	4.5	1.63	2.96	2.9	2.81	2.7	3.22	3.81	1.95
ENSG00000162572.15	SCNN1D	60.0519132723459	1.08417032223084	0.00723572306974689	protein_coding	up_tumor	0.83	5.36	4.28	10.15	2.84	1.94	3.42	2.34	3.34	3.53	3.43	4.94
ENSG00000163596.12	ICA1L	98.0968175481012	1.08287799577108	0.000172172273525983	protein_coding	up_tumor	3.8	4.86	13.28	5.18	2.85	4.29	3.18	2.63	5.25	2.98	3.72	3.8
ENSG00000183741.7	CBX6	397.024431228822	1.07705926622617	2.49075979440315e-11	protein_coding	up_tumor	8.58	15.78	14.85	16.51	9.14	8.34	6.31	7.09	7.11	8.46	6.98	8.64
ENSG00000124228.10	DDX27	705.013578843001	1.07625269097968	5.2563063132198e-10	protein_coding	up_tumor	49	48.49	79.14	53.01	31.01	29.45	31.94	30.47	29.86	33	31.36	30.06
ENSG00000032219.14	ARID4A	485.525275510871	1.07524361320796	0.000156812870353928	protein_coding	up_tumor	33.48	70.87	136.27	69.2	27.71	24.71	16	17.48	21.48	37.98	19.04	43.3
ENSG00000165949.8	IFI27	247.916047471395	1.07403511907029	0.031731298079424	protein_coding	up_tumor	17.79	257.07	61.76	34.61	59.47	42.52	51.32	80.01	60.62	34.65	66.5	55.17
ENSG00000128581.11	RABL5	294.929121818837	1.07388895396943	6.20344947146203e-06	protein_coding	up_tumor	42.86	27.43	54.52	31.67	27.97	34.89	32.19	32.18	29.09	32.79	27.92	28.14
ENSG00000141002.14	TCF25	1270.93412798462	1.07209397739425	5.32778799783942e-07	protein_coding	up_tumor	290.02	238.45	748.26	261.89	148.82	133	116.62	115.68	121.33	122.49	125.15	141.47
ENSG00000204574.8	ABCF1	555.057521553565	1.07028406609136	5.7988880298252e-10	protein_coding	up_tumor	56.41	82.23	139.77	79.96	40.3	32.9	25.16	38.6	36.75	38.35	33.14	42.98
ENSG00000164114.14	MAP9	292.770598673976	1.0696968487142	0.00017102419249388	protein_coding	up_tumor	10.84	23.07	49.24	23.75	11.64	9.99	8.15	9.92	9.46	12.75	8.26	13.11
ENSG00000184992.10	BRI3BP	617.309728938412	1.06856195872806	2.21357180647269e-06	protein_coding	up_tumor	15.64	15.84	28.14	16.23	11.1	9.06	10.42	13.1	9.26	10.96	10.09	14.61
ENSG00000163684.7	RPP14	345.536050315702	1.06765471629161	0.000199060996302401	protein_coding	up_tumor	9.33	20.67	39.11	17.95	14.57	11.78	15.59	15.89	15.18	17.02	12.32	16.28
ENSG00000198919.8	DZIP3	270.029260592821	1.06755526935833	1.26988116497855e-07	protein_coding	up_tumor	4.93	11.69	14.6	12.94	6.61	5.88	6.08	5.74	6.34	7.58	5.58	5.92
ENSG00000119669.3	IRF2BPL	303.053945991623	1.0662007966121	1.59097087287378e-21	protein_coding	up_tumor	10.65	18.81	17.37	14.65	9.2	7.6	8.21	9.11	8.51	9.54	9.15	8.88
ENSG00000196236.8	XPNPEP3	349.642106944932	1.06467829727537	6.71152094856227e-05	protein_coding	up_tumor	10.19	11.12	19.41	8.92	11.06	10.43	13.91	10.35	10.83	11.38	11.33	11.34
ENSG00000148950.5	IMMP1L	128.787734258164	1.06369269505543	0.000114710969862087	protein_coding	up_tumor	25.91	45.81	56.36	31.22	27.08	26.62	25.19	35.55	31.39	36.24	34.31	34.08
ENSG00000136824.14	SMC2	390.197997752462	1.06363983348377	7.39062806869158e-07	protein_coding	up_tumor	10.71	23.75	28.49	20.5	12.04	6.06	8.19	11.06	7.78	8.3	9.21	13.36
ENSG00000100505.9	TRIM9	63.0976033875077	1.0630656561399	0.000699993286698752	protein_coding	up_tumor	4.67	2.46	2.73	1.76	1.15	1.29	2.39	1.62	2.36	1.86	1.71	1.31
ENSG00000100784.5	RPS6KA5	30.4485745935772	1.06246683770898	0.00687472474699391	protein_coding	up_tumor	4.77	2.15	9.98	2.35	0.47	2.44	1.84	1.72	0.82	1.37	1.48	1.51
ENSG00000127946.12	HIP1	262.368932475247	1.06224807125052	9.12467179872919e-06	protein_coding	up_tumor	6.46	5.78	11.25	6.76	4.13	3.62	4.43	4.85	4.66	5.27	4.15	5.67
ENSG00000048471.9	SNX29	68.8594331997251	1.06136935319984	0.000382997301306207	protein_coding	up_tumor	4.68	3.63	10.19	3.43	2	1.39	1.93	2.66	1.41	3.08	1.91	2.23
ENSG00000143793.8	C1orf35	359.146883998886	1.05970340739838	5.72029326370613e-12	protein_coding	up_tumor	40.37	55.58	67.14	54.23	33.83	24.92	31.02	27.35	29.54	35.72	28.76	38.02
ENSG00000187456.9	RDM1	10.0427768923249	1.05932745280106	0.0990903447675761	protein_coding	up_tumor	0.68	3.66	0.64	3.16	2.64	0.56	1.12	1.03	0.81	1.17	1.89	2.65
ENSG00000156603.10	MED19	269.810145411258	1.05879825831542	1.46872572741194e-06	protein_coding	up_tumor	26.52	49.91	79.95	57.12	33.05	28.43	24.32	34.93	30.39	29.11	28.12	32.51
ENSG00000063660.4	GPC1	242.243675189613	1.05775382402979	0.00638621553078437	protein_coding	up_tumor	23.41	6.07	24.15	9.59	8.94	5.37	15.27	16.06	7.76	6.59	8.67	7.1
ENSG00000108296.7	CWC25	528.106312484509	1.05677502699148	1.25114110158919e-07	protein_coding	up_tumor	50.98	54.87	116.01	59.53	32.78	26.7	26.09	26.96	30.67	32.08	25.89	44.25
ENSG00000163577.3	EIF5A2	53.7982857157754	1.05662722669393	0.000693518341355673	protein_coding	up_tumor	3.17	3.16	4.65	2.07	1.97	1.78	7.53	2.55	2.26	3.31	3.3	1.33
ENSG00000133226.12	SRRM1	1091.19712024144	1.05431879829825	1.84349616390692e-07	protein_coding	up_tumor	79.11	123.84	167.18	118.14	55.79	38.39	43.46	50.46	47.53	52.53	40.92	64.06
ENSG00000204519.6	ZNF551	91.6958125383215	1.05412163137909	1.57883746979122e-05	protein_coding	up_tumor	3.42	3.57	8	4.25	2.56	2.75	1.9	3.05	2.09	2.5	2.35	2.97
ENSG00000117020.12	AKT3	130.44940832437	1.05299073750257	7.61336161210065e-05	protein_coding	up_tumor	18.14	9.29	14.59	9.91	6.62	4.28	6.22	6.86	4.9	6.45	6.73	8.62
ENSG00000116514.12	RNF19B	297.837843207349	1.04970951842504	0.0248717615768788	protein_coding	up_tumor	43.63	12.46	27.3	7.7	13.13	14.25	15.44	14.51	13.67	11.41	22.3	12.52
ENSG00000169679.10	BUB1	162.050866777025	1.04855322337275	9.8761218569611e-05	protein_coding	up_tumor	15.37	10.53	12.87	7.42	8.13	5.87	7.77	8.03	5.71	4.7	7	5.76
ENSG00000140398.9	NEIL1	85.6932000733932	1.0475130238216	1.07062357427068e-05	protein_coding	up_tumor	8.23	10.16	12.77	14.77	7.89	8.16	6.3	5.02	10.08	7.76	6.05	4.5
ENSG00000075702.12	WDR62	267.950301508255	1.04470670806817	1.43525272147967e-05	protein_coding	up_tumor	22.04	16.64	38.59	15.16	11.36	5.16	9.17	9.6	5.68	7.21	5.79	8.88
ENSG00000160326.9	SLC2A6	72.700721455756	1.04464691521763	0.000228548805968655	protein_coding	up_tumor	3.63	6	9.03	7.09	4.82	1.5	3.68	4.11	3.81	3.3	3.6	4.6
ENSG00000196586.9	MYO6	828.831385938166	1.04277969478856	0.000151492551998769	protein_coding	up_tumor	270.99	71.56	447.13	94.17	33.05	32.83	21.04	24.19	26.03	36.65	23.7	38.84
ENSG00000152133.10	GPATCH11	128.768064864565	1.04139861158559	2.1165075557864e-09	protein_coding	up_tumor	6.62	15.92	20.5	17.51	8.21	6.05	6.75	6.05	5.15	5.75	4.6	5.02
ENSG00000152527.9	PLEKHH2	230.52104779459	1.04113341182976	8.3658030696181e-05	protein_coding	up_tumor	4.73	12.07	8.93	10.58	4.71	3.83	7.15	3.32	5.11	5.97	4.45	4.27
ENSG00000146223.10	RPL7L1	1056.44767028843	1.04032964519823	1.05386846317454e-05	protein_coding	up_tumor	52.9	54.69	122.28	53.19	38.83	32.63	37.28	38.23	37.84	37.2	35.35	33.73
ENSG00000088205.8	DDX18	794.041013881281	1.03847180532429	3.58884469440125e-13	protein_coding	up_tumor	55.16	113.36	142.95	139.75	45.35	38.85	39.2	37.52	38.51	47.91	39.81	52.85
ENSG00000163029.11	SMC6	614.284107555646	1.03645911505859	6.62424660728317e-09	protein_coding	up_tumor	14.9	36.53	43.33	41.05	17.94	13.28	19.72	15.83	18.65	22.33	17.81	20.07
ENSG00000244045.6	TMEM199	272.739181742557	1.03357171785398	9.70729581978318e-07	protein_coding	up_tumor	15.66	23.11	25.66	16.67	18.75	14.28	14.51	20.63	17.52	18.08	17.61	18.85
ENSG00000124201.10	ZNFX1	558.248446518195	1.03161968905441	6.65877433712902e-07	protein_coding	up_tumor	13.34	16.4	31.31	15.02	10.2	8.42	9.51	9.13	10.07	10.01	11.4	8.78
ENSG00000155629.10	PIK3AP1	59.2071669534559	1.0298478010719	0.00874473400832803	protein_coding	up_tumor	11.48	1.56	6.1	1.38	1.18	1.67	2.1	1.28	1.8	1.28	2.27	1.35
ENSG00000110274.10	CEP164	232.441645285793	1.02970163976854	1.58502931403362e-05	protein_coding	up_tumor	24.41	27.42	112.23	32.75	15.2	9.92	11.09	13.33	11.54	15.39	12.85	17.12
ENSG00000164241.9	C5orf63	121.826062652578	1.0290696336107	0.000323692869310299	protein_coding	up_tumor	4.07	9.87	8.32	8.58	9.11	8.14	10.41	10.67	5.43	10.88	8.09	5.49
ENSG00000133302.8	ANKRD32	269.157071972221	1.0279705188756	0.000356706252629707	protein_coding	up_tumor	12.73	43.67	75.62	49.34	15.47	16.73	15.16	15.39	13.84	21.38	15.55	20.62
ENSG00000162769.8	FLVCR1	809.474045423463	1.02758207737357	4.77280656891273e-05	protein_coding	up_tumor	18.74	28.12	49.93	27.37	25.75	18.01	17.68	20.03	21.55	27.85	19.43	26.37
ENSG00000033170.12	FUT8	400.458309053267	1.02720504279551	1.56755424626619e-07	protein_coding	up_tumor	92.87	132.46	257.92	155.57	34.49	26.13	24.22	31.43	30.94	47.96	27.74	55.91
ENSG00000185483.7	ROR1	51.6765309080103	1.0267641190224	0.000506322267696621	protein_coding	up_tumor	3.18	2.32	2.3	2.06	1.59	0.63	0.94	1.24	1.19	1.19	1.04	1.78
ENSG00000256294.3	ZNF225	91.3793690011782	1.0265007676495	2.55551396735579e-07	protein_coding	up_tumor	4.07	10.32	10.6	10.73	5.17	3.56	5.12	5.39	5.69	5.87	4.67	5.3
ENSG00000119720.13	NRDE2	309.127014343194	1.02627489408654	0.000217302067456925	protein_coding	up_tumor	20.15	54.98	81.3	51.99	36.6	31.39	22	27.93	25.27	34.76	21.04	37.95
ENSG00000089048.10	ESF1	1005.64327923906	1.02050598241334	0.0021807871729279	protein_coding	up_tumor	18.27	75.2	97.39	79.31	41.58	29.19	29	34.25	35.99	49.87	32.21	53.72
ENSG00000169607.8	CKAP2L	117.884828383899	1.02038944821532	7.80981517436746e-08	protein_coding	up_tumor	7.67	10.47	8.01	9.78	3.03	2.4	5.39	4.63	2.76	3.45	3.59	3.24
ENSG00000204138.8	PHACTR4	507.067831283964	1.01939237865284	1.47770407190706e-05	protein_coding	up_tumor	14.77	21.27	42.24	24.42	13.39	9.98	10.8	12.01	10.6	13.64	11.94	15.81
ENSG00000204256.8	BRD2	1659.34764504983	1.01934047119838	3.30823055460197e-06	protein_coding	up_tumor	167.06	101.42	448.96	122.78	87.92	82.51	91.7	90.4	92.35	90.36	94.93	80.78
ENSG00000074621.9	SLC24A1	114.035973401295	1.01592148458413	3.03160497893383e-05	protein_coding	up_tumor	13.86	8.67	20.78	8.25	4.93	3.61	8.64	5.32	4.92	8.29	4.85	4.25
ENSG00000135111.10	TBX3	88.2418948868649	1.01518723645802	0.000757264765211616	protein_coding	up_tumor	5.03	3.46	3.89	5.03	2.63	2.5	1.79	2.46	2.96	4.02	2.95	2.08
ENSG00000138592.9	USP8	887.590005206182	1.0149991302826	1.01838723256313e-05	protein_coding	up_tumor	28.69	44.5	82.55	45.49	30.75	27.78	31.54	26.66	28.95	33.02	27.42	32.62
ENSG00000149591.12	TAGLN	398.988445874306	1.01454768887729	0.0355155465049859	protein_coding	up_tumor	229.4	60.45	250.76	38.71	105.54	13.7	129.12	122.68	49.46	54.16	107.56	72.56
ENSG00000137941.12	TTLL7	89.8660985287781	1.01432630751924	1.12873799311053e-05	protein_coding	up_tumor	2.92	8.43	11.07	11.71	4.77	3.09	4.44	4.94	5.78	7.03	3.72	7.06
ENSG00000049239.8	H6PD	610.500699916589	1.01426351734625	3.56471126963232e-05	protein_coding	up_tumor	8.97	9.67	22.85	13.27	7.82	7.56	8.17	7.79	8.55	8.72	8.16	8.12
ENSG00000204856.7	FAM216A	41.0702260216104	1.01363801720275	0.00785868781399802	protein_coding	up_tumor	7.99	5.97	9.83	3.36	4.3	2.46	4.61	5.92	3.22	3.4	4.73	4.49
ENSG00000159263.11	SIM2	52.0962229804109	1.01273581325889	0.00010159073090083	protein_coding	up_tumor	3.2	2.91	3.2	2.86	1.98	0.93	2.26	1.78	2.09	2.47	1.73	1.55
ENSG00000163629.8	PTPN13	38.7059009946836	1.01212041839105	0.0549497968255827	protein_coding	up_tumor	4.09	0.47	1.49	0.31	1.38	0.65	0.79	0.75	0.55	0.66	0.96	0.42
ENSG00000168243.6	GNG4	84.6060776094144	1.01011956554024	2.31820390082968e-07	protein_coding	up_tumor	4.11	10.49	7.64	6.69	5.8	4.34	5.37	5.62	4.91	7.7	6.98	6.11
ENSG00000105048.12	TNNT1	310.804340456254	1.00808524376948	0.00132402440190748	protein_coding	up_tumor	48.88	148.63	90.87	153.15	33.72	66.15	36.33	35.49	60.32	42.84	52.5	36.63
ENSG00000150776.13	C11orf57	318.895030426299	1.00775506383343	5.85400338632338e-06	protein_coding	up_tumor	16.86	47.1	66.18	45.08	21.9	19.32	11.82	14.12	18.86	21.61	16.84	20.32
ENSG00000109536.7	FRG1	536.510117398029	1.00714021859454	3.9484189948006e-05	protein_coding	up_tumor	50.68	157.46	209.47	152.04	84.78	72.54	59.4	71.75	71.7	87.32	66.66	87.17
ENSG00000130150.7	MOSPD2	192.791004653487	1.00647006833573	4.03298985503767e-18	protein_coding	up_tumor	33.37	45.18	43.61	61.32	8.72	7.9	9.46	10.13	11.12	11.19	8.07	10.89
ENSG00000067900.6	ROCK1	767.981698186578	1.00527466394634	4.72547392105129e-06	protein_coding	up_tumor	8.48	55.82	113.81	51.7	20.62	11.36	14.69	11.57	12.48	15.45	12.05	19.03
ENSG00000169684.9	CHRNA5	158.317049824333	1.00383701564936	3.83862752249734e-05	protein_coding	up_tumor	6.78	14.95	13.06	11.39	21.21	9.69	13.21	17.86	16.88	15.31	14.09	17.23
ENSG00000116754.9	SRSF11	2845.94493962518	1.00301738476082	0.00140722817083454	protein_coding	up_tumor	298.62	370.5	1423.93	415.88	217.88	188.08	157.9	169.64	172.46	233.4	145.8	259.14
ENSG00000000457.9	SCYL3	216.865615832367	1.00035021458757	0.00570023360916973	protein_coding	up_tumor	6.02	5.24	12.99	4.83	5.64	6.27	6.17	5.81	6.25	4.65	6.13	5.99
