gene_id	Symbol	baseMean.tumor.KO.WT	log2FoldChange.tumor.KO.WT	padj.tumor.KO.WT	gene_biotype	reg_tumor	tpm.Tumor_HDLBP_KO_2	tpm.Tumor_HDLBP_KO_3	tpm.Tumor_HDLBP_KO_4	tpm.Tumor_HDLBP_KO_5	tpm.Tumor_WT_1	tpm.Tumor_WT_2	tpm.Tumor_WT_3	tpm.Tumor_WT_4	tpm.Tumor_WT_5	tpm.Tumor_WT_6	tpm.Tumor_WT_7	tpm.Tumor_WT_8
ENSG00000267697.1	LUZP6	20.0016400197846	-5.62012829711694	2.88316286136202e-07	protein_coding	down_tumor	2.45	0	0	0	18.47	20.54	55.24	45.62	29.01	44.92	44.61	44.53
ENSG00000171345.9	KRT19	1456.73137484666	-5.01221821080881	1.84309229588919e-73	protein_coding	down_tumor	8.33	6.52	8.59	5.22	290.65	288.12	302.85	261.56	276.03	177.7	264.38	266.33
ENSG00000255072.1	PIGY	8.30323086318411	-4.3169935543863	0.00528882927721872	protein_coding	down_tumor	0	0	1.18	0.97	23.3	17.46	24.05	9.39	0	6.63	13.07	0
ENSG00000053108.12	FSTL4	85.5350667762323	-3.26143159645972	1.37331503537113e-21	protein_coding	down_tumor	2.78	0.86	0.45	0.61	6.95	11.12	7.39	9.33	13.44	9.85	12.14	5.61
ENSG00000170558.4	CDH2	181.252196196264	-3.02524440350333	1.87121033720839e-10	protein_coding	down_tumor	2.52	0.65	1.19	0.42	11.09	3.77	10.85	13.09	8.05	12.73	8.08	11.56
ENSG00000106066.9	CPVL	47.9610691164444	-2.88632002463354	5.52250227337257e-11	protein_coding	down_tumor	0	2.15	0.92	4.61	11.13	3.88	9.66	7.5	6.08	9.37	7.42	8.8
ENSG00000125775.10	SDCBP2	502.10468801108	-2.8212887460794	3.31412330105339e-16	protein_coding	down_tumor	3.75	33.91	7.52	16.4	80.13	112.84	94	60.21	99.85	73.95	92.95	74.22
ENSG00000129521.9	EGLN3	902.226289203518	-2.76933194782933	1.15224429212355e-11	protein_coding	down_tumor	2.73	24.47	5.97	14.18	56.51	118.65	117.23	72.82	161.36	91.27	136.76	58.92
ENSG00000147394.14	ZNF185	501.442050781585	-2.52951074344273	6.56828680276164e-34	protein_coding	down_tumor	2.69	8.19	3.75	4.84	33.9	35.12	41.18	35.03	38.16	27.25	35.5	23.13
ENSG00000087303.12	NID2	366.393572403887	-2.5186257071635	1.13916752142306e-10	protein_coding	down_tumor	0.96	8.59	2.62	7.95	34.53	20.8	40.67	37.57	41.99	30.42	34.78	44.13
ENSG00000112837.12	TBX18	848.984631389461	-2.48871874422646	4.80937462437196e-63	protein_coding	down_tumor	5.07	12.7	4.5	10.24	40.46	33.39	54.38	44.51	40.59	47.19	41.35	37.44
ENSG00000138449.6	SLC40A1	186.542395831404	-2.41285215153679	6.78581120526205e-38	protein_coding	down_tumor	1.38	2	3.11	2.29	11.73	14.5	11.26	13.62	11.66	12.27	12.35	10.39
ENSG00000214274.5	ANG	380.69795116922	-2.38457435548773	9.34705203165009e-09	protein_coding	down_tumor	4.11	43.28	18.89	36.57	90.27	144.48	121.42	102.53	137.12	94.72	140	76.36
ENSG00000165474.5	GJB2	135.988057806568	-2.37328173827465	6.08488216071192e-07	protein_coding	down_tumor	0.36	5.03	0.8	3.28	8.11	21.59	10.67	11.88	15.18	12.93	16.85	10.78
ENSG00000169031.14	COL4A3	468.894973600657	-2.35877556749693	2.25804593561551e-06	protein_coding	down_tumor	0.17	6.29	1.89	9.03	14.79	19.21	24.66	15.02	21.64	19.25	20.39	18.11
ENSG00000196352.9	CD55	3617.6456810914	-2.24431959156407	1.21827534808134e-09	protein_coding	down_tumor	18.18	117.86	36.52	134.24	306	478.19	419.17	425	524.55	367.31	598.4	377.63
ENSG00000197565.11	COL4A6	88.7666691490989	-2.20165472127449	1.1953167730987e-14	protein_coding	down_tumor	0.68	1.02	1.09	0.46	4.18	2.44	4.08	4.6	3.9	5.21	3.43	3.53
ENSG00000198478.6	SH3BGRL2	222.178396403582	-2.19862887902504	6.09151597811325e-17	protein_coding	down_tumor	1.21	3.37	1.45	1.78	8.47	15.31	11.03	8.64	11.05	9.16	11.74	8.84
ENSG00000073849.10	ST6GAL1	125.432821849295	-2.18470932557035	3.66221734799259e-15	protein_coding	down_tumor	0.51	2.45	1.96	1.79	5.63	9.2	10.17	6.51	8.61	6.52	8.12	4.88
ENSG00000258818.2	RNASE4	1451.68141570259	-2.14520950812074	1.75442072208076e-05	protein_coding	down_tumor	4.21	97.89	14.02	81.86	218.04	268.16	238.98	210.98	253.49	250.36	251.28	187.67
ENSG00000223572.5	CKMT1A	136.526684206082	-2.02655006904942	9.38497868045039e-11	protein_coding	down_tumor	1.03	6.03	3.7	4.21	15.01	23.47	23.72	18.31	16.34	12.35	23.14	11.37
ENSG00000223572.5	CKMT1A	136.526684206082	-2.02655006904942	9.38497868045039e-11	protein_coding	down_tumor	1.03	6.03	3.7	4.21	15.01	23.47	23.72	18.31	16.34	12.35	23.14	11.37
ENSG00000165929.8	TC2N	785.284544101194	-2.02547121922337	6.6830414009196e-10	protein_coding	down_tumor	2.95	18	7.43	11.98	39.68	58.01	61.84	41.64	58.41	42.14	56.51	36.9
ENSG00000273170.1	ANKRD18A	71.4802020244853	-2.00780833217711	0.000428419064184703	protein_coding	down_tumor	0.44	2.95	0	3.33	9.1	7.53	10.38	7.56	7.34	7.46	4.28	6.67
ENSG00000110492.11	MDK	167.734984034037	-1.99650764128763	1.76809563513698e-24	protein_coding	down_tumor	10.1	17.49	5.77	9.88	53.26	36.09	55.92	50.36	52.65	52.54	54.87	48.37
ENSG00000117114.15	LPHN2	217.401485878901	-1.99418390285993	2.54546060511965e-13	protein_coding	down_tumor	2.17	2.15	4.22	2.66	13.95	17.21	23.77	17.42	15.57	15.97	18.36	14.45
ENSG00000113231.9	PDE8B	209.584880317757	-1.98238791464686	2.61920808802857e-14	protein_coding	down_tumor	2.39	4.4	3.15	3.78	14.53	13.3	14.14	10.99	15.44	14.14	12.29	12.68
ENSG00000141639.7	MAPK4	427.515832728356	-1.95649743087193	4.89664253966512e-15	protein_coding	down_tumor	2.16	7.42	2.56	6.6	16.64	22.77	26.24	19.81	21.78	16.52	25.07	21.44
ENSG00000112715.16	VEGFA	1201.95009050905	-1.94492521692529	3.27813497531897e-06	protein_coding	down_tumor	5.57	33.72	8.96	38.63	59.99	111.61	107.24	62.64	126.08	108.37	118.37	65.42
ENSG00000181625.13	SLX1B	192.701491225023	-1.94065079823261	0.0945133922979264	protein_coding	down_tumor	0.22	39.1	6.08	8.65	29.14	87.5	40.8	19.29	69.22	68.22	96.59	2.86
ENSG00000162745.6	OLFML2B	206.76105978856	-1.94023652281117	3.38361753608251e-05	protein_coding	down_tumor	2.18	7.93	2.19	8.66	18.73	8.78	31.16	28.52	23.92	24.31	26.35	23.22
ENSG00000138640.10	FAM13A	687.063682675026	-1.92720481605137	3.19444088021362e-07	protein_coding	down_tumor	2.56	13.44	4.18	11.99	19.99	42.5	50.56	24.68	51.96	34.87	49.35	25.99
ENSG00000139832.3	RAB20	161.677006982829	-1.91403532964046	1.59693752932418e-17	protein_coding	down_tumor	6.51	5.57	3.24	5.21	20.53	21	23.91	23.82	28.08	28.76	23.92	18.94
ENSG00000198064.9	RP11-347C12.1	181.408763726603	-1.89583570132488	0.0379107838444713	protein_coding	down_tumor	1.18	10.71	0.29	21.09	30.01	36.84	45.51	35.63	38.93	39.49	45.63	29.37
ENSG00000107281.5	NPDC1	517.469951231598	-1.89469155421512	1.40983418965326e-10	protein_coding	down_tumor	8.77	29.42	14.54	32.68	58.53	138.14	85.38	66.21	94.05	89.71	100.39	76.46
ENSG00000188153.8	COL4A5	431.065231424655	-1.89070118616471	1.07840097501042e-06	protein_coding	down_tumor	3.94	5.76	2.3	8.33	33.87	20.12	30.59	27.75	26.49	29.59	27.77	37.89
ENSG00000119514.5	GALNT12	320.493896944655	-1.88942117435329	7.84434864817827e-05	protein_coding	down_tumor	0.67	11.96	2.09	11.32	25.69	35.59	30.74	25.09	34.7	27.86	30.41	26
ENSG00000128590.4	DNAJB9	255.085421828446	-1.88202688720773	1.19440021520967e-11	protein_coding	down_tumor	3.05	8.56	2.57	5.39	14.09	23.08	20.58	17.24	24.22	19.73	27.66	17.24
ENSG00000177283.4	FZD8	121.466471283411	-1.85480952249625	5.17857193514631e-19	protein_coding	down_tumor	1.34	2.43	1.9	1.98	6.64	8.59	8.41	10.68	7.36	8.41	6.7	9.21
ENSG00000112699.6	GMDS	456.035545435424	-1.84998666837152	7.14349775101458e-55	protein_coding	down_tumor	14.13	23.98	15.57	32.16	70.63	81.15	78.43	69.97	80.01	73.27	81.83	70.94
ENSG00000109586.7	GALNT7	1042.19370367527	-1.84581357425943	8.52520943920757e-15	protein_coding	down_tumor	9.91	20.73	8.13	17.79	46.46	51.88	61.76	49.3	56.77	56.2	54.27	46.88
ENSG00000111261.9	MANSC1	206.393264814146	-1.8007279342585	1.04093036269948e-16	protein_coding	down_tumor	2.33	8.49	2.75	5.82	18.39	18.03	18.47	20.45	18.84	19.74	25.17	18.89
ENSG00000128567.12	PODXL	239.800878884185	-1.78748827343843	1.20921742785634e-25	protein_coding	down_tumor	3.91	3.11	1.91	2.34	8.44	6.68	11.63	8.7	9.56	7.66	8.66	8.46
ENSG00000145703.11	IQGAP2	251.254886249998	-1.77862080657141	6.33855610798495e-37	protein_coding	down_tumor	2.42	5.3	3.69	3.22	21.21	19.73	24.65	19.47	19.73	23.57	21.92	20.96
ENSG00000153162.8	BMP6	268.359375742954	-1.76786479125237	4.68606940844316e-07	protein_coding	down_tumor	1.24	9.52	3.21	7.77	16.36	15.39	20.7	24.09	26.4	22.41	27.21	15.12
ENSG00000130821.11	SLC6A8	226.288294529943	-1.76718411769801	7.25450983306194e-09	protein_coding	down_tumor	4.44	4.4	5.66	4.26	9.76	23.07	18.82	10.9	25.47	11.95	20.8	10.79
ENSG00000134755.10	DSC2	241.076470901456	-1.75395355828788	1.49377367476428e-09	protein_coding	down_tumor	1.09	5.39	1.25	3.2	11.48	9.56	11	10.73	11.09	9.78	9.48	11.9
ENSG00000119888.6	EPCAM	1103.00285328407	-1.74916733154925	5.97503460088092e-05	protein_coding	down_tumor	6.79	82.65	13.19	53.09	142.39	155.81	163.33	142.62	174.64	142.1	156.57	137.35
ENSG00000176532.3	PRR15	415.125349723369	-1.73878920485857	3.00602316257688e-10	protein_coding	down_tumor	4.53	26.92	9.36	16.35	67.33	67.09	66.28	59.07	61.53	58.15	59.54	56.74
ENSG00000113369.4	ARRDC3	637.79340415763	-1.719533890683	2.36527119117797e-13	protein_coding	down_tumor	4	14.01	7.44	8.7	25.77	36.95	34.96	29.21	38.32	41	39.48	21.97
ENSG00000244187.3	TMEM141	983.700837517115	-1.71600608644455	4.27578512630083e-12	protein_coding	down_tumor	36.99	97.29	59.31	124.39	245	407.55	293.32	262.99	318.43	250.01	330.11	223.72
ENSG00000143153.8	ATP1B1	3495.37140173474	-1.71533160155191	7.52247550959978e-11	protein_coding	down_tumor	38.8	134.74	54.85	118.44	257.51	345.18	327.51	293.89	381.8	347.43	360.26	274.72
ENSG00000157214.9	STEAP2	398.750206713287	-1.71463032296091	4.7957150711408e-15	protein_coding	down_tumor	3.28	9.62	2.26	7.24	16.99	17.9	19.43	19.15	18.76	17.96	19.03	15.92
ENSG00000130762.10	ARHGEF16	268.817074898685	-1.69893780721384	1.11941838976536e-06	protein_coding	down_tumor	1.22	12.94	4.56	8.99	26.1	23.8	27.13	20.25	27.31	18.64	22.27	19.7
ENSG00000041982.10	TNC	256.340539874448	-1.69603323290531	0.000435693233146266	protein_coding	down_tumor	1.79	4.47	3.51	3.37	7.83	1.97	21.34	12.04	13.79	7.14	12.5	8.17
ENSG00000087245.8	MMP2	136.610348356916	-1.69312395124813	0.00359518515827679	protein_coding	down_tumor	8.01	4.94	4.45	3.93	15.7	6.61	40.04	24.99	23.29	14.26	29.85	9
ENSG00000120756.8	PLS1	552.2863287489	-1.69272557618967	3.64126161756274e-19	protein_coding	down_tumor	10.09	14.48	12.7	8.03	26.84	38.81	38.88	27.97	36.26	30.49	36.56	25.88
ENSG00000075142.9	SRI	894.363893865409	-1.67666524893649	4.90160617081188e-13	protein_coding	down_tumor	61.57	60.51	59.62	56.24	169.71	298.19	211.05	193.94	282.03	180.1	305.31	136.7
ENSG00000187239.12	FNBP1	474.78216053712	-1.66959711980238	3.46221680832108e-26	protein_coding	down_tumor	5.98	10.08	14.07	9.87	22.92	27.06	33.15	23.96	30.76	28.63	27.65	19.49
ENSG00000122026.6	RPL21	1330.57050887043	-1.66934994464893	4.97370134816122e-09	protein_coding	down_tumor	193.69	110.3	51.13	193.66	663.97	679.74	649.37	710.47	750.66	702.11	644.42	612.15
ENSG00000018236.10	CNTN1	1247.21256761485	-1.66853084184607	1.23537935501014e-19	protein_coding	down_tumor	16.24	20.65	12.34	13.66	46	49.29	58.51	55.64	49.56	47.24	49.61	41.72
ENSG00000237289.5	CKMT1B	161.510325518722	-1.66610868700687	1.10735791238001e-09	protein_coding	down_tumor	4.64	9.46	3.89	5.61	14.47	25.67	20.16	14.91	22.58	18.69	23.36	17.2
ENSG00000233024.3	RP11-1212A22.4	107.936098863569	-1.66524882804162	0.000438153419340052	protein_coding	down_tumor	6.74	8.43	7.67	1.89	23.4	21.9	29.23	17.02	25.54	27.86	23.07	12.73
ENSG00000123689.5	G0S2	9.90389308195866	-1.65986899784045	0.00696357241185568	protein_coding	down_tumor	0.98	1.2	0	0.52	2.32	1.31	3.72	3.82	2.2	2.14	2.15	2.66
ENSG00000185189.11	NRBP2	324.553233962095	-1.65469190912326	8.97290478808573e-07	protein_coding	down_tumor	3.03	9.04	3.3	9.26	20.82	19.06	34.6	16.36	29.28	24.63	22.46	15.08
ENSG00000175274.14	TP53I11	658.117925865724	-1.65341235856975	9.56557095509285e-14	protein_coding	down_tumor	8.28	16.13	10.59	16.33	36.1	54.56	57.55	43.31	50.56	34.87	59.3	33.27
ENSG00000197930.8	ERO1L	1531.51450709542	-1.65190690972919	8.2065728026907e-13	protein_coding	down_tumor	26.11	51.86	42.51	41.47	84.25	124.76	98.64	86.7	137.16	106.85	116.79	97.94
ENSG00000127418.10	FGFRL1	397.024039194815	-1.64817383360432	1.83558320705103e-14	protein_coding	down_tumor	3.53	11.22	5.24	10.5	25.6	20.33	34.16	24.78	33.75	27.66	29.91	23.97
ENSG00000057294.9	PKP2	211.54652225028	-1.64321418331627	1.58429710630817e-20	protein_coding	down_tumor	1.97	4.78	4.14	2.9	10.93	12.24	15.59	11.52	16.87	9.8	17.58	9.06
ENSG00000110080.14	ST3GAL4	595.628069229961	-1.63365964649631	1.91464493365802e-15	protein_coding	down_tumor	12.36	38.73	20.16	31.11	80.02	105.62	106.65	77.13	102.29	79.91	110.64	66.08
ENSG00000106537.7	TSPAN13	608.014391911913	-1.63341013719881	5.28142519023909e-06	protein_coding	down_tumor	5.2	34.1	6.98	25.67	55.21	70.28	61.39	63.49	58.62	62.54	64.79	60.67
ENSG00000214530.3	STARD10	523.05170392677	-1.61831811939027	6.29588243122992e-09	protein_coding	down_tumor	23.82	35.02	54.31	43.83	92.8	196.27	97.21	79.96	95.98	71.22	104.95	89.15
ENSG00000107902.9	LHPP	211.777935936075	-1.61443916958859	3.8407117606311e-12	protein_coding	down_tumor	5.34	9.09	12.41	12.4	23.93	40.03	35.42	26.35	33.18	24.89	36.83	22.61
ENSG00000106733.16	NMRK1	100.273999237211	-1.61182391580774	3.95513616672764e-07	protein_coding	down_tumor	2.88	7.54	3.29	8.74	15.41	22.52	16.86	16.55	19.96	21.68	23.59	14.89
ENSG00000242574.4	HLA-DMB	237.904213412676	-1.60876198490909	2.65269384548206e-05	protein_coding	down_tumor	4.69	29.95	7.16	28.83	55.4	57.89	37.4	43.85	38.86	27.12	55.57	31.39
ENSG00000172197.9	MBOAT1	176.617924190676	-1.60286918286712	1.02101471707313e-13	protein_coding	down_tumor	0.93	4.73	3.18	4.32	12.79	11.54	13.41	10.57	13.55	11.96	11.4	12.56
ENSG00000167306.14	MYO5B	209.783118599017	-1.60204198992593	8.52520943920757e-15	protein_coding	down_tumor	3.46	6.17	6.57	4.45	15.57	21.99	21.63	19.15	18.55	12.05	19.77	15.65
ENSG00000101187.11	SLCO4A1	175.22290698353	-1.60100972652078	1.10879686327475e-06	protein_coding	down_tumor	1.15	15.59	7.08	18.96	32.1	29.59	31.07	21.78	38.16	26.92	30.37	28.22
ENSG00000150687.7	PRSS23	1764.13184795717	-1.59461163844779	1.13302366591615e-24	protein_coding	down_tumor	70.54	55.43	55.17	44.5	158.29	187.9	226.5	222.84	210.3	183.88	220.08	148.63
ENSG00000168743.8	NPNT	224.309959718055	-1.59364013119188	0.0115491898582311	protein_coding	down_tumor	0.61	15.48	1.35	10.12	19.48	21.31	16.18	16.5	17.25	15.68	14.3	19.64
ENSG00000272617.1	RP11-343C2.12	46.8636748620639	-1.59046657268872	0.0525597984885609	protein_coding	down_tumor	0	6.17	0	8.1	10.87	14.26	14.25	13.06	11.91	8.82	5.54	14.52
ENSG00000148842.13	CNNM2	188.993520075424	-1.58308302923774	4.7957150711408e-15	protein_coding	down_tumor	1.57	2.31	2.01	2.51	5.45	7.37	12.77	8.42	8.96	8.15	6.63	4.03
ENSG00000122884.8	P4HA1	475.049999882819	-1.58071234855365	3.16340851340659e-08	protein_coding	down_tumor	6.37	16.94	6.7	15.88	24.79	35.94	41.69	29.72	48.09	40.86	50.3	26.62
ENSG00000157870.10	FAM213B	278.561270572919	-1.57962193482108	2.73306044155404e-17	protein_coding	down_tumor	14.09	7.24	10.61	6.47	22.17	24.64	32.4	26.4	25.29	16.28	30.21	19.72
ENSG00000178922.12	HYI	53.7736470425004	-1.57572276851527	3.95347619854958e-07	protein_coding	down_tumor	5.02	2.75	4.93	2.37	14.29	11.23	8.23	14.12	13.75	8.72	13.75	9.71
ENSG00000147813.11	NAPRT1	181.594458177879	-1.56058362607055	2.34956542480014e-13	protein_coding	down_tumor	8.18	11.85	10.73	15.24	38.36	31.42	35.25	42.12	39.79	33.27	32.39	40.27
ENSG00000143819.8	EPHX1	854.996037893869	-1.5574624945039	1.98499205051405e-20	protein_coding	down_tumor	37.1	27.71	33.56	31.05	108.55	103.35	131.47	125.45	111.79	109.37	118	90.72
ENSG00000120149.7	MSX2	102.715071711671	-1.55646759754462	3.18725249242998e-10	protein_coding	down_tumor	3	4.86	2.32	2.77	10.96	8.31	11.89	10.79	9.97	12.03	7.66	8.73
ENSG00000235162.4	C12orf75	973.285453550383	-1.54806263392714	4.80657394882068e-13	protein_coding	down_tumor	77.87	72.23	70.02	39.5	222.6	207.37	295.14	297.37	224.93	206.85	225.58	177.18
ENSG00000038427.11	VCAN	2519.41195521356	-1.54217066080022	4.60186735293992e-06	protein_coding	down_tumor	5.34	54.95	39.45	49.79	83.06	61.39	94.74	80.32	75.8	94.04	68.74	88.74
ENSG00000130193.7	THEM6	206.954075200581	-1.52425854300583	1.34735224125653e-17	protein_coding	down_tumor	5.51	5.63	4.92	6.2	14.66	18.29	19.62	21.43	22.01	16.88	23.98	17.83
ENSG00000047634.10	SCML1	171.383146276682	-1.51994349683346	6.92918640629562e-13	protein_coding	down_tumor	1.94	5.62	2.72	6.09	11.26	12.35	14.34	12.54	11.02	11.54	12.4	12.78
ENSG00000115414.14	FN1	2316.64660031285	-1.51939540194697	3.03078592337316e-15	protein_coding	down_tumor	32.62	54.34	20.63	37.19	195.75	125.36	230.79	244.48	213.17	207.01	251.47	138.2
ENSG00000141655.11	TNFRSF11A	99.6293141238462	-1.51785664878199	2.28919030750395e-07	protein_coding	down_tumor	0.35	1.69	1.55	1.31	4.63	7.93	5.54	3.89	5.86	5.36	5.82	4.03
ENSG00000133872.9	TMEM66	1693.46777371406	-1.50913271607449	8.86157217574181e-12	protein_coding	down_tumor	29.17	84.09	35.03	78.24	174.2	181.4	188.21	177.67	199.11	198.2	195.76	166.68
ENSG00000047346.8	FAM214A	294.734115684284	-1.50116600613996	1.31581215275955e-07	protein_coding	down_tumor	6.8	17.89	5.01	13.41	22.67	48.2	39.48	31.91	39.13	35.07	40.39	31.81
ENSG00000103089.4	FA2H	613.718714864972	-1.49913846253214	3.27473414382924e-06	protein_coding	down_tumor	5.67	31.45	9.9	28.59	51.74	65.98	63.93	49.85	62.7	47.36	57.57	47.9
ENSG00000164379.4	FOXQ1	242.171367502247	-1.48863905879956	0.000119114358454953	protein_coding	down_tumor	2.2	13.66	2.71	9.35	22.2	13.89	24.15	19.11	20.66	34.54	18.79	23.72
ENSG00000163513.13	TGFBR2	768.434917419168	-1.48764857930119	2.16582222310382e-24	protein_coding	down_tumor	9.63	13.27	9.83	8.07	32.46	32.62	36.32	40.09	34.69	35.19	37.27	29.45
ENSG00000059377.11	TBXAS1	97.6232818810214	-1.47756913347203	1.38923382702085e-10	protein_coding	down_tumor	5.58	3.83	5.42	5.59	12.24	11.64	12.86	13.08	11.38	12.07	14.26	14.51
ENSG00000079691.15	LRRC16A	221.277232976975	-1.47562362451045	1.75138847203909e-20	protein_coding	down_tumor	2.65	14.75	4.29	11.09	22.09	24.28	23.41	23.42	19.74	25.17	23.6	31.79
ENSG00000257093.2	KIAA1147	549.224563440676	-1.47444162144562	5.94619976320982e-16	protein_coding	down_tumor	4.01	6.64	3.43	5.26	14.45	18.36	18.12	13.39	17.01	16.97	14.76	11.58
ENSG00000261652.2	C15orf65	43.0045193461607	-1.47184348489351	3.58330463422093e-07	protein_coding	down_tumor	1.08	6.08	5.06	4.79	14.69	15.9	11.7	11.47	12.84	14.27	13.53	11.31
ENSG00000163412.8	EIF4E3	241.473687229461	-1.47082423321449	4.05227941339387e-14	protein_coding	down_tumor	12.68	7.98	3.95	5.01	11.68	15.8	14.92	13.04	14.91	13.73	16.7	10.4
ENSG00000164120.9	HPGD	969.656737976297	-1.46341471103394	2.05655001605388e-12	protein_coding	down_tumor	35.93	35.38	45.13	16.81	102.51	81.23	133.85	113.06	98.86	78.06	79.15	81.26
ENSG00000108375.8	RNF43	360.324904935431	-1.46194316767147	3.56713471899696e-08	protein_coding	down_tumor	1.92	10.71	3.41	10.25	23.89	15.49	21.27	20.81	18.09	19.82	19.78	18.59
ENSG00000168216.6	LMBRD1	185.60015623441	-1.46138441937021	1.40983418965326e-10	protein_coding	down_tumor	3.8	8.91	3.09	6.69	14.83	18.07	19.79	17.6	24.3	18.16	21.06	14.68
ENSG00000134970.13	TMED7	735.218679331295	-1.45594551989853	2.1291600384346e-23	protein_coding	down_tumor	20.3	19.02	9.27	13.25	35.71	40.76	44.35	42.95	44.94	38.89	45.99	34.13
ENSG00000116574.4	RHOU	407.668112077872	-1.45500930400439	1.42448714445131e-13	protein_coding	down_tumor	6.24	48.15	11.68	29.97	60.67	74.99	51.2	43.19	55.1	65.21	52.29	67.1
ENSG00000104419.10	NDRG1	3103.47474954102	-1.44519965740998	0.000334780719601727	protein_coding	down_tumor	48.1	148.64	59.46	141.4	146.46	472.03	317.07	160.6	515.64	303.25	419.95	175.41
ENSG00000117335.14	CD46	3533.31605205053	-1.44279710771808	3.35735967180497e-05	protein_coding	down_tumor	35.89	206.08	32.09	187.86	281.26	236.67	288.25	305.74	290.08	326.16	306.51	287.37
ENSG00000116815.11	CD58	160.388391432775	-1.44273994184854	6.49577878520457e-07	protein_coding	down_tumor	4.18	18.93	4.96	13.71	28.06	27.63	32.34	34.67	35.31	33.11	34.69	30.91
ENSG00000101439.4	CST3	3979.96593552922	-1.43837428882273	9.83516506913185e-06	protein_coding	down_tumor	112.93	519.88	142.36	557.12	910.86	1021.04	973.67	953.4	1129.28	1040.33	1234.69	964.59
ENSG00000104805.11	NUCB1	1330.13602067155	-1.43481820139619	6.52015264957941e-14	protein_coding	down_tumor	32.1	68.93	32.14	84.51	157.57	175.21	184.06	192.44	209.48	165.04	204.72	147.53
ENSG00000135750.10	KCNK1	237.773482659509	-1.43477776647007	6.39610062730091e-07	protein_coding	down_tumor	2.84	18.3	10.49	12.25	24.24	20.64	25.36	28.78	25.05	22.76	23.14	32.44
ENSG00000065154.7	OAT	1136.64933142796	-1.43449274815455	2.126989321626e-11	protein_coding	down_tumor	24.17	56.5	26.06	54.91	98.66	174.27	135.38	104.15	128.14	145.57	145.03	108.8
ENSG00000102554.9	KLF5	1573.3986785388	-1.42869683077456	1.15161960203727e-08	protein_coding	down_tumor	11.13	51.21	20.18	38.62	87.91	103.2	96.39	95.48	99.44	90.68	97.81	88.93
ENSG00000030582.12	GRN	1272.29000187642	-1.42683936109105	3.46387924205976e-12	protein_coding	down_tumor	40.14	118.93	37.35	91.45	147.65	142.01	168.47	166.92	177.17	138.26	201.93	122.84
ENSG00000260916.1	CCPG1	1074.35448514433	-1.42218314955936	1.93731116317843e-37	protein_coding	down_tumor	20.7	29.01	39.87	27.67	65.4	73.56	81.44	62.5	77.26	72.59	84.94	63.24
ENSG00000071967.7	CYBRD1	211.236367184865	-1.42114025863329	9.34705203165009e-09	protein_coding	down_tumor	9.22	3.99	21.73	4.9	11.15	15.18	11.91	10.58	14.23	9.87	12.93	8.25
ENSG00000125398.5	SOX9	663.959901269599	-1.42107441874117	0.000139974550619089	protein_coding	down_tumor	2.18	23.03	6.68	15.32	31.35	36.48	35.12	32.87	35.32	37.02	36.01	35.36
ENSG00000181885.14	CLDN7	113.979421752189	-1.41732050142128	0.00145572796759212	protein_coding	down_tumor	1.49	12.37	2.19	11.09	17.96	27	22.15	14.07	25.39	21.53	31.03	21.61
ENSG00000112977.11	DAP	1242.40966707911	-1.41656887389937	1.23877962720753e-27	protein_coding	down_tumor	28.14	45.49	34.52	38.39	110.61	121.79	119.71	117.07	113	91.73	130.77	89.99
ENSG00000137944.12	CCBL2	154.953617963884	-1.41594628834434	8.19799488980789e-14	protein_coding	down_tumor	3.29	8.25	4.42	6.07	13.3	18.35	19.94	16.3	18.44	19.66	19.15	14.33
ENSG00000196950.9	SLC39A10	457.180591942444	-1.40306341309791	1.41626348271768e-19	protein_coding	down_tumor	5.57	9.69	6.14	10.1	21.51	18.24	29.89	26.55	24.66	20.69	23.25	21.33
ENSG00000138604.5	GLCE	296.573194247028	-1.4019771160492	1.3250277859511e-09	protein_coding	down_tumor	4.64	6.91	4.46	5.55	12.97	15.39	17.06	14.32	17.21	14.09	17.81	10.35
ENSG00000250021.3	C15orf38-AP3S2	134.19200636367	-1.4018555083888	0.0136604863375947	protein_coding	down_tumor	7.62	6.11	0.11	4.47	11.84	10.1	13.93	14.57	12.51	9.75	13.96	7.68
ENSG00000135535.10	CD164	1152.85396785545	-1.3995443640077	1.13563639629299e-12	protein_coding	down_tumor	22.58	38.88	23.74	27.48	68.79	93.09	98.75	83.43	98.71	77.07	103.64	64.1
ENSG00000162496.4	DHRS3	530.914375001985	-1.39864828539833	1.01944413394326e-06	protein_coding	down_tumor	9.45	27.58	14.67	35.66	65.75	78.86	62.16	49.56	82.65	64.89	80.03	44.17
ENSG00000168528.7	SERINC2	834.340490260311	-1.39459112861539	0.000180742868996654	protein_coding	down_tumor	6.94	45.05	14.67	49.43	65.89	112.98	88.87	77.98	101.85	67.03	110.32	66.23
ENSG00000197183.8	C20orf112	244.803610623647	-1.38859931904071	2.0271838729857e-15	protein_coding	down_tumor	3.73	8.08	3.27	4.98	10.27	11.14	13.26	10.65	12.14	9.52	13.19	11.02
ENSG00000070214.11	SLC44A1	753.645169338465	-1.38382549593073	1.0789505287994e-34	protein_coding	down_tumor	5.66	7.75	4.62	6.11	16.75	15.81	19.81	18.22	20.53	18.44	19.73	17.99
ENSG00000169814.8	BTD	87.8815936556664	-1.38302670085741	8.26530869962574e-10	protein_coding	down_tumor	3.28	3.73	4.51	5.44	12.01	12.54	10.73	14.13	15.96	10.96	15.28	8.14
ENSG00000107020.5	PLGRKT	199.435856645445	-1.38275590991837	9.35666978322334e-14	protein_coding	down_tumor	14.19	23.35	8.74	16.82	46.18	44.84	51.52	54.27	46.32	44.31	54.97	43.05
ENSG00000125534.5	PPDPF	1581.7010479324	-1.37869850297394	1.00926029474251e-14	protein_coding	down_tumor	99.49	181.13	134.15	121.62	409.32	565.93	543.04	483.77	511.66	360.56	499.04	340.84
ENSG00000156273.11	BACH1	337.841978051804	-1.36848085395517	9.6873982800141e-09	protein_coding	down_tumor	2.69	6.4	4.53	4.3	8.45	16.97	14.4	11.57	16.32	10.23	14.5	8.76
ENSG00000204128.5	C2orf72	222.340877489101	-1.36616665602	4.52184063372115e-05	protein_coding	down_tumor	4.38	6.35	3.84	7.51	11.8	29.52	20.54	14.57	17.23	14.44	16.45	10.67
ENSG00000136156.8	ITM2B	1629.75448830536	-1.36472205353738	6.65649675931522e-09	protein_coding	down_tumor	57.61	128.81	50.66	99.01	229.04	258.49	304.57	287.61	321.15	322.87	372.3	246.88
ENSG00000156171.10	DRAM2	250.096722994159	-1.35996354332824	1.86976738965404e-12	protein_coding	down_tumor	10.24	17.53	8.93	20.75	46.26	50.09	47.6	41.3	48.28	47.82	50.39	34.67
ENSG00000182712.11	CMC4	67.3980666659632	-1.35520332746685	0.00116486957873408	protein_coding	down_tumor	0.82	6.15	2.43	10.19	11.31	21.28	11.15	13.89	10.69	14.23	14.57	13.45
ENSG00000164414.12	SLC35A1	172.374279624768	-1.35455591795536	1.35878653748351e-07	protein_coding	down_tumor	4.12	11.94	3.25	8.9	19.42	18.85	19.58	18.16	20.02	20.09	21.86	19.37
ENSG00000152558.10	TMEM123	1595.74307422706	-1.35347742118174	9.05185710962662e-24	protein_coding	down_tumor	29.53	48.4	30.82	33.18	91.13	90.42	110.06	99.38	101.15	111.2	110.48	81.48
ENSG00000104765.10	BNIP3L	1049.23501023282	-1.35092117538842	1.11855302746718e-09	protein_coding	down_tumor	36.59	53.93	39.16	36.79	75.81	113.55	104.68	73.8	108.66	80.6	93.37	67.01
ENSG00000130733.6	YIPF2	153.576842130991	-1.35090496983141	2.13677376513239e-07	protein_coding	down_tumor	9.43	8.78	10.83	14.91	20.76	29.1	33.52	25.81	32.97	14.89	36.81	18.49
ENSG00000167930.11	ITFG3	342.868561236826	-1.34862187866492	1.08322993591469e-14	protein_coding	down_tumor	6.7	10.34	8.72	12.33	23.59	26.83	26.24	29.73	29.34	23.27	35.07	20.89
ENSG00000099204.14	ABLIM1	2106.41378292111	-1.3455010695905	3.80120348201412e-26	protein_coding	down_tumor	21.99	28.18	20.65	22.52	60.65	66.82	80.81	61.56	69.4	66	61.24	49.08
ENSG00000143815.10	LBR	687.121016896818	-1.33945658935118	9.96701995974617e-19	protein_coding	down_tumor	11.96	19.6	14.53	13.16	38.06	35.47	41.37	41.23	35.56	38.34	35.08	40.6
ENSG00000188706.8	ZDHHC9	487.428933834959	-1.33726170470235	8.58504722966833e-18	protein_coding	down_tumor	9.86	9.92	6.9	8.89	25.08	33.87	31.87	29.82	31.96	25.19	34	20.6
ENSG00000185000.5	DGAT1	275.442493356369	-1.33541184857927	2.11645593711414e-06	protein_coding	down_tumor	5.85	31.15	8.54	29.2	43.77	53	47.13	38.12	42.58	33.61	43.45	42.86
ENSG00000100290.2	BIK	75.2499158122997	-1.33458360319525	0.000107754444474307	protein_coding	down_tumor	1.33	12.4	3.88	5.79	15.76	18.03	21.28	15.25	19.85	15.48	16.48	13.87
ENSG00000163235.11	TGFA	92.7771400783913	-1.32900166701014	0.00295067046057007	protein_coding	down_tumor	0.35	3.42	0.82	1.96	3.84	5.22	5.29	5.29	3.93	3.21	5.41	3.33
ENSG00000182871.10	COL18A1	949.067580827748	-1.32636029019229	6.45804726923739e-08	protein_coding	down_tumor	14.48	13.42	13.44	13.55	40.12	32.77	54.2	50.55	48.49	52.47	42.76	40.81
ENSG00000137414.5	FAM8A1	260.749949799554	-1.32387770726777	3.74900989672721e-06	protein_coding	down_tumor	1.08	6.31	3.11	5.53	9	12.63	12.55	10.72	12.42	12.43	12.74	8.95
ENSG00000151491.8	EPS8	1073.12228810174	-1.32361668426711	3.15225803669573e-14	protein_coding	down_tumor	16.11	39.51	24.92	31.28	58.85	60.98	71.1	57.34	68.31	63.01	68.73	56.72
ENSG00000106078.13	COBL	229.255375806193	-1.32143844132419	7.10969261781637e-10	protein_coding	down_tumor	1.86	4.71	3.87	2.96	8.92	12.83	11.6	10.33	11.66	7.98	11.71	7.58
ENSG00000129038.11	LOXL1	71.3236995758596	-1.32046962847766	0.00462440502977911	protein_coding	down_tumor	5.05	7.69	6.14	6.07	15.33	7.3	31.18	29.41	19.59	14.25	30.8	15.85
ENSG00000136052.5	SLC41A2	269.590102276593	-1.31929917466564	3.514959254174e-16	protein_coding	down_tumor	7.05	9.8	6.17	6.11	13.91	13.34	19.7	13.23	15.37	17.53	17.31	14.35
ENSG00000177854.7	TMEM187	72.1679730179455	-1.31665416269508	6.19781789959884e-05	protein_coding	down_tumor	1.09	4.88	2.45	4.05	11.4	10.89	8.69	10.3	11.06	9.33	13.58	7.54
ENSG00000165152.4	TMEM246	214.550466995005	-1.31579719814291	7.17578221535732e-19	protein_coding	down_tumor	2.82	4.36	3.15	3.54	8.91	10.39	11.82	10.15	10.26	9.12	11.92	7.69
ENSG00000188559.9	RALGAPA2	308.52563900987	-1.31574767425578	7.07088079006967e-06	protein_coding	down_tumor	0.76	6.81	3.39	6.41	7.98	9.7	8.57	7.17	11.15	9.88	10.46	10.11
ENSG00000165102.10	HGSNAT	942.66564985189	-1.31446031962873	2.753018260841e-07	protein_coding	down_tumor	9.75	24.48	18.16	27.82	43.04	39.59	50.59	42.19	51.13	43.95	45.6	39
ENSG00000250722.1	SEPP1	267.031781044076	-1.31442423477155	3.58330463422093e-07	protein_coding	down_tumor	12.26	10.85	15.23	9.71	21.85	40.91	32.77	29.38	39.15	28.89	45.4	21.39
ENSG00000196937.6	FAM3C	457.170799813272	-1.31317719217218	1.81924237599007e-06	protein_coding	down_tumor	5.03	29.82	8.2	20.52	43.6	55.18	40.52	46.51	47.85	46.59	43.6	48.34
ENSG00000170348.4	TMED10	1761.13002147255	-1.30128117793458	9.09678105158715e-09	protein_coding	down_tumor	49.36	123.65	53.48	103.84	199.05	234.46	238.48	233.76	230.13	197.67	249.18	189.16
ENSG00000136826.10	KLF4	435.799410268439	-1.30021248245478	7.52581744735117e-17	protein_coding	down_tumor	8.5	20.12	8.59	10.77	35.9	34.57	39.55	37.45	36.72	37.59	34.13	34.69
ENSG00000067167.3	TRAM1	3582.55644959982	-1.29855551968624	1.17280962639182e-27	protein_coding	down_tumor	84.42	130.01	81.93	106.74	268.53	236.62	281.12	276.42	274.32	278.08	271.59	229.98
ENSG00000267757.1	AC006132.1	32.6133626145492	-1.29787446301507	0.00546090667365011	protein_coding	down_tumor	0.79	3.4	2.06	5.93	6.43	9.2	9.84	9.41	13.13	10.54	9.92	3.7
ENSG00000156026.10	MCU	569.272614295556	-1.29782782332714	2.52412572319431e-16	protein_coding	down_tumor	16.65	22.12	17.01	16.34	47.29	60.85	64.75	51.15	56.87	48.96	57.67	38.82
ENSG00000130827.5	PLXNA3	320.983124842996	-1.29671324342416	0.000689231503271746	protein_coding	down_tumor	6.03	5.14	1.6	7.41	12.64	14.64	20.63	7.89	24.34	15.21	15.05	6.97
ENSG00000151553.10	FAM160B1	287.561857844498	-1.29541359670892	1.07688362520681e-29	protein_coding	down_tumor	3.99	6.75	4.27	5.98	13.01	12.39	10.92	11.15	13.61	10.38	14.24	11.89
ENSG00000225828.1	FAM229A	80.3074796528423	-1.29498299897873	3.63348681600971e-05	protein_coding	down_tumor	3.2	8.43	2.25	11.02	10.15	7.59	15.33	9.23	12.66	10.76	9.22	11.92
ENSG00000112812.11	PRSS16	116.575264603937	-1.29074335045168	4.72547392105129e-06	protein_coding	down_tumor	2.21	8.57	7.58	5.42	9.76	19.14	18.02	12.47	15.44	12.75	14.72	9.53
ENSG00000142188.12	TMEM50B	266.836506867638	-1.29023462414367	1.93277249228467e-08	protein_coding	down_tumor	6.24	18.9	5.89	17.34	25.76	31.18	31.65	25.17	39.71	35.57	36.23	29.73
ENSG00000116711.8	PLA2G4A	1007.71280583986	-1.29000831650892	2.40531923939816e-07	protein_coding	down_tumor	10.85	43.17	15.93	33.38	63.1	54.04	78	78.99	72.73	81.44	86.27	63.57
ENSG00000108679.8	LGALS3BP	1878.60437327447	-1.28641570753511	2.31180358014561e-05	protein_coding	down_tumor	27.09	124.65	47.95	106.84	199.89	223.16	226.72	250.61	250.68	184.57	279.58	180.08
ENSG00000027697.8	IFNGR1	323.57760447254	-1.28634279045258	1.15970696635554e-07	protein_coding	down_tumor	6.13	18.34	7.47	14.52	30.39	24.63	29.77	32.33	33.39	32.02	36.56	34.86
ENSG00000050405.9	LIMA1	304.538307866506	-1.28486976831301	6.79737913462093e-08	protein_coding	down_tumor	7.47	14.79	5	7.46	21.1	25.01	25.92	18.62	22.44	21.89	27.56	20.99
ENSG00000082458.7	DLG3	169.504309121455	-1.28289011989143	1.02596757950709e-11	protein_coding	down_tumor	4.27	3.99	4.57	3.7	8.58	9.16	9.75	8.89	10.45	6.77	13.33	8.56
ENSG00000171155.7	C1GALT1C1	218.80272167105	-1.27948835717337	3.23273112169725e-11	protein_coding	down_tumor	6.58	15.12	5.86	13.67	28.59	23.7	29.11	32.25	32.51	31.26	31.35	29.52
ENSG00000150551.10	LYPD1	48.9327705127403	-1.2794178673476	0.000284485990944129	protein_coding	down_tumor	3.76	1.05	2.33	1.24	5.32	4.22	6.02	6.33	5.32	7.16	5.16	3.99
ENSG00000163453.7	IGFBP7	729.852806111461	-1.279311300724	0.000183095986865697	protein_coding	down_tumor	21.24	62.09	24.15	44.2	79.06	36.68	138.76	148.66	118.71	120.32	163.38	98.56
ENSG00000163637.7	PRICKLE2	100.820468530214	-1.27892766772105	1.44984588413853e-07	protein_coding	down_tumor	1.4	1.08	0.55	0.96	2.07	2.07	3.29	2.27	2.53	3.21	2.55	1.71
ENSG00000136295.10	TTYH3	736.692585694018	-1.27177421084174	6.95668902550311e-14	protein_coding	down_tumor	9.3	16.3	6.93	15.56	36.7	28.36	44.42	36.91	37.96	34.72	33.15	30.88
ENSG00000204580.7	DDR1	853.607695684675	-1.26186779855082	2.61975353843832e-09	protein_coding	down_tumor	10.61	25.27	17.9	23.58	51.52	49.41	57.45	48.03	57.01	42.11	55.23	42.93
ENSG00000135525.14	MAP7	1034.2190226036	-1.26069954603719	9.60495099254244e-38	protein_coding	down_tumor	17.62	20.77	19.01	18.22	47.47	45.24	59.22	52.4	53.75	56.4	51.77	41.81
ENSG00000196975.10	ANXA4	5378.12498982658	-1.25891163911661	6.47898897736008e-12	protein_coding	down_tumor	116.76	343.3	147.15	287.65	539.89	535	660.07	608.12	620.62	671.41	683.77	529.99
ENSG00000143375.10	CGN	319.770610669345	-1.25866167133537	4.24873447839076e-07	protein_coding	down_tumor	3.1	12.65	3.75	12.08	21.6	19.63	28.68	16.06	27.84	20.84	20.47	17.96
ENSG00000151690.10	MFSD6	311.357713619911	-1.25714037747201	1.63060269042943e-14	protein_coding	down_tumor	9.61	9.61	9.95	6.53	18.14	18.79	19.45	19.54	19.17	16.39	20.15	15.83
ENSG00000213096.5	ZNF254	145.899257646107	-1.2565639476904	3.43514297452434e-06	protein_coding	down_tumor	0.94	6.71	2.27	4.17	8.39	9.71	9.99	8.11	8.69	10.77	8.4	7.02
ENSG00000119725.13	ZNF410	289.96096530988	-1.2517924288289	0.000205043724314697	protein_coding	down_tumor	11.57	15.36	4.88	10.71	26.57	26.41	29.5	28.22	31.67	26.65	30.01	27.18
ENSG00000140391.10	TSPAN3	2793.4657623873	-1.24995076792552	4.19785468328803e-07	protein_coding	down_tumor	67.96	233.73	71.88	181.3	352.34	391.79	333.96	346.78	379.35	369	366.4	348.87
ENSG00000091409.10	ITGA6	681.335900390554	-1.24831389847091	1.1202978562712e-11	protein_coding	down_tumor	9.65	12.81	6.27	10.69	27	21.73	27.24	27.82	25.43	25.41	27.09	24.13
ENSG00000006025.7	OSBPL7	152.829965573987	-1.24773434869273	5.18009116346562e-05	protein_coding	down_tumor	1.99	3.71	3.78	5.4	10.86	7.95	12.7	9.32	16.18	12.08	8.73	4.33
ENSG00000134569.5	LRP4	133.690034243151	-1.24736444656807	0.00217489270255935	protein_coding	down_tumor	1.8	4.09	1.81	4.88	3.32	11.54	9.46	4.54	11.82	10.63	9.44	5.81
ENSG00000184500.10	PROS1	438.219560056616	-1.24734917061542	0.000576736323264401	protein_coding	down_tumor	3.11	17.41	4.25	14.86	25.24	20.76	26.82	29.49	27.58	28.96	26.86	22.25
ENSG00000080822.12	CLDND1	394.05858186237	-1.24409690629636	9.50188447413567e-08	protein_coding	down_tumor	11.07	39.22	14.3	34.1	46.33	58.5	55.58	46.55	55.99	50.68	48.35	48.06
ENSG00000102804.10	TSC22D1	2212.82694993388	-1.24191270094335	4.02961284074609e-07	protein_coding	down_tumor	33.45	157.94	60.31	126.36	242.02	226.64	267.27	273.49	277.23	308.09	268.02	236.42
ENSG00000197568.9	HHLA3	49.1943124793303	-1.24176919768548	4.55063434468722e-05	protein_coding	down_tumor	2.54	8.22	2.51	6.76	8.39	12.39	15.16	14.07	13.02	13.78	16.21	15.32
ENSG00000136783.9	NIPSNAP3A	138.673842338954	-1.24102880069344	1.00926029474251e-14	protein_coding	down_tumor	5.34	8.31	5.26	5.98	19.35	15.79	18.4	19.94	19.04	15.04	16.88	16.59
ENSG00000152952.7	PLOD2	1500.36039146384	-1.24052112363876	8.83614714395192e-08	protein_coding	down_tumor	28.5	56.78	25.19	46.56	82.96	84.25	99.21	85.57	115.93	117.1	99.47	81.66
ENSG00000104763.13	ASAH1	738.96518759405	-1.23747146840101	2.77940629133641e-17	protein_coding	down_tumor	18.72	52.93	29.75	55.42	79.74	81.98	89.29	86.29	100.34	84.28	101.5	82.68
ENSG00000100300.13	TSPO	584.020091050175	-1.23508280205905	4.42778694289333e-11	protein_coding	down_tumor	53.66	69.92	40.47	66.64	128.21	148.23	148.25	159.11	143.39	111.99	155.63	145.54
ENSG00000198169.4	ZNF251	266.820818821645	-1.23486067446579	4.1743732435596e-06	protein_coding	down_tumor	4.74	11.87	9.2	20.65	26.81	22.8	31.09	20.15	28.88	30.27	29.21	28.77
ENSG00000154545.12	MAGED4	32.1333184204806	-1.23358776625071	0.0162774140474391	protein_coding	down_tumor	1.24	2.18	1.11	1.54	1.95	4	2.71	1.51	4.16	1.32	3.14	1.47
ENSG00000198682.8	PAPSS2	683.764449828665	-1.23350104733257	8.35537166563767e-15	protein_coding	down_tumor	8.83	17.53	12.54	16.23	32.05	40.66	40.5	35.58	38.74	35.31	44.4	25.28
ENSG00000107331.12	ABCA2	338.588860618323	-1.22777550109521	1.92088205085423e-09	protein_coding	down_tumor	9.68	5.24	7.66	9.27	14.78	19.52	28.07	18.26	25.59	12.64	28.21	12.06
ENSG00000143457.6	GOLPH3L	515.536028545898	-1.22722536386174	2.19824333286181e-05	protein_coding	down_tumor	7.61	31.17	9.83	30.61	44.64	44.59	56.11	40.98	51.07	56.87	54.9	50.42
ENSG00000138617.10	PARP16	102.491144078839	-1.22581257937302	1.02053430755952e-07	protein_coding	down_tumor	2.68	5.27	3.12	3.51	8.79	10.04	11.84	11.78	12.15	8.22	13.52	8.96
ENSG00000166311.5	SMPD1	109.101500694376	-1.22532474052586	9.18803420917932e-05	protein_coding	down_tumor	1.73	8.83	4.59	9.43	12.62	14.95	17.74	13.57	14.61	16.79	13.45	16.2
ENSG00000100196.6	KDELR3	256.672595939002	-1.22150964378006	0.000522420808995276	protein_coding	down_tumor	5.02	22.45	6.04	15.18	23.11	39.16	32.96	30.87	36.69	29.45	40.15	20.66
ENSG00000182022.13	CHST15	93.8534245015519	-1.22139155849814	4.16213415402948e-07	protein_coding	down_tumor	0.86	2.64	1.1	1.65	5.82	2.34	5.99	5.25	3.93	4.78	4.31	3.87
ENSG00000106460.14	TMEM106B	727.540615732489	-1.21685046118662	1.18289904476591e-17	protein_coding	down_tumor	11.03	21.98	12.62	17.73	37.86	46.21	40.45	34.88	37.95	36.62	44.66	32.23
ENSG00000198171.8	DDRGK1	650.525899080013	-1.21676824198382	2.41407779980155e-11	protein_coding	down_tumor	31.85	53.66	30.4	55.96	80.88	98.65	119.9	122.99	128.6	80.03	129.57	96.91
ENSG00000125304.8	TM9SF2	1183.65481479254	-1.21599140025195	2.86381282878091e-07	protein_coding	down_tumor	12.71	45.45	19.27	36.38	66.68	69.1	67.51	69.48	71.76	74.72	78.59	66.63
ENSG00000169692.8	AGPAT2	756.480266674954	-1.2147503723183	2.66283489615442e-13	protein_coding	down_tumor	20.69	52.78	32.66	55.52	106.09	107.8	107.31	108.66	120.13	89.43	112.94	109.39
ENSG00000102316.12	MAGED2	604.169963848699	-1.21437032961259	1.60853481563676e-08	protein_coding	down_tumor	23.09	30.91	22.38	25.71	59.33	84.03	85.09	63.56	78.62	58.7	86.62	42.34
ENSG00000066248.10	NGEF	92.4735652711474	-1.21290073698932	3.89987748706223e-07	protein_coding	down_tumor	4.95	3.24	5.93	1.85	5.56	6.51	10.89	7.17	10.56	6.23	7.19	4.98
ENSG00000105755.3	ETHE1	442.87778356887	-1.21231660441281	3.01215938113607e-13	protein_coding	down_tumor	23.29	43.17	28.54	48.93	105.77	102.51	104.84	100.04	108.69	88.08	120.93	76.89
ENSG00000248098.6	BCKDHA	408.830194150377	-1.21196947155417	3.33592053646481e-08	protein_coding	down_tumor	16.75	36.89	28.63	36.26	53.69	58.84	53.7	52.53	52.73	40.69	63.37	45.47
ENSG00000125170.6	DOK4	820.44099983535	-1.21068283212598	2.64183394803714e-10	protein_coding	down_tumor	13.61	31	19.99	33.48	54.03	66	69.79	61.02	64.26	61.12	67.45	53.52
ENSG00000170266.11	GLB1	486.916750020652	-1.20950771563103	1.08614594040912e-12	protein_coding	down_tumor	16.83	16.98	16.01	24.92	45.53	48.85	52.64	47.88	52.97	55.22	53.59	40.27
ENSG00000170017.8	ALCAM	1728.33186024588	-1.20772205136206	2.99440525415359e-08	protein_coding	down_tumor	14.92	40.4	17.82	42.01	76.7	86.65	78.13	70.74	87.65	74.16	86.58	68.4
ENSG00000186815.8	TPCN1	631.78434643545	-1.20577597904146	8.85631235831304e-06	protein_coding	down_tumor	5.1	14.35	10.99	18.88	24.93	30.01	34.18	24.09	31.83	28.65	32.24	24.34
ENSG00000164647.4	STEAP1	231.501788850515	-1.19793715340024	3.90426849555873e-05	protein_coding	down_tumor	5.37	35.36	7.32	28.47	35.63	29.91	46.13	50.59	41.1	47.65	41.2	40.92
ENSG00000155903.7	RASA2	327.487213132722	-1.19776287750467	2.01538704726548e-09	protein_coding	down_tumor	2.96	6.04	4.02	6.28	9.98	12.26	15.55	10.82	14.12	12.96	13.66	12.33
ENSG00000182220.9	ATP6AP2	938.629547065564	-1.19690986709949	5.16610942421957e-07	protein_coding	down_tumor	18.99	55.64	16.92	47.2	88.99	85.2	90.54	95.83	92.25	95.12	97.93	89.22
ENSG00000138613.9	APH1B	152.355070423837	-1.19605569313188	7.55561366761643e-11	protein_coding	down_tumor	7.4	15.77	6.49	13.81	22.77	17.16	22.43	17.4	17.34	17.23	20.26	13.11
ENSG00000091490.6	SEL1L3	323.607405864324	-1.19588965319458	1.2461425430744e-14	protein_coding	down_tumor	9.43	13.27	8.48	13.48	20.62	24.54	21.98	22.28	19.61	32.04	21.56	19.67
ENSG00000117525.9	F3	169.021051628631	-1.19569371098463	0.0101835648305285	protein_coding	down_tumor	0.68	15.19	3.25	8.31	12.52	12	20.73	14.51	21.62	16.31	16.38	20.29
ENSG00000142875.15	PRKACB	418.962118275017	-1.19518090333735	1.70627652236386e-11	protein_coding	down_tumor	14.37	10.6	8.37	7.17	23.14	25.23	26.57	22.21	22.3	18.82	23.81	16.91
ENSG00000108176.10	DNAJC12	475.331403620065	-1.19484206703117	1.0176558638997e-09	protein_coding	down_tumor	19.45	53.75	26.52	37.28	73.01	91.38	93.51	77.42	96.02	95.02	95.42	70.7
ENSG00000099849.10	RASSF7	840.607225893088	-1.19412763585252	3.89317601364356e-06	protein_coding	down_tumor	22.22	57.52	29.89	67.86	131.36	163.48	144.4	120.05	150.78	113.82	121.79	88.32
ENSG00000121578.8	B4GALT4	850.898108659394	-1.19388880923535	1.78658237162821e-22	protein_coding	down_tumor	31.4	53.15	29.04	51.89	79.16	88.62	87.14	88.51	105.06	88.88	98.08	97.5
ENSG00000197562.5	RAB40C	373.419422596985	-1.19166407601883	5.68716681768013e-06	protein_coding	down_tumor	5.16	15.97	7.98	18.31	25.31	34.29	49.09	28.35	47.1	31.77	39.9	25.89
ENSG00000124786.8	SLC35B3	147.619794374367	-1.19047661351986	5.46278450810722e-11	protein_coding	down_tumor	3.1	7.55	4.96	6.71	13.13	14.19	17.33	13.82	15.22	15.76	14.19	11.82
ENSG00000131941.3	RHPN2	1359.58268355086	-1.18635824926163	5.68727856417123e-10	protein_coding	down_tumor	16.5	49.4	25.55	34.2	77.72	86.58	98.38	76.85	88.8	73.55	88.97	64
ENSG00000133794.13	ARNTL	84.7950341289186	-1.17873793634951	1.77721700862091e-09	protein_coding	down_tumor	2.14	6.42	4.91	4.05	15.58	8.38	9.61	10.53	11.25	7.52	9.84	9.19
ENSG00000123989.9	CHPF	257.914545296913	-1.17868070844904	2.98848484865342e-05	protein_coding	down_tumor	2.49	10.54	4.44	11.47	15.99	21.87	22.03	17.43	18.6	15.65	22.02	15.96
ENSG00000139163.11	ETNK1	1078.94141544609	-1.17473241068817	0.00156648314818674	protein_coding	down_tumor	10.95	30.89	10.75	20.88	43.27	52.4	40.41	34.51	40.91	45.34	38.98	35.29
ENSG00000137343.13	ATAT1	58.0894270577618	-1.17326187757306	6.84447252606717e-08	protein_coding	down_tumor	2.14	2.9	2.99	2.85	9.01	6.7	7.22	5.74	7.02	6.55	8.2	6.18
ENSG00000125505.12	MBOAT7	761.539208047244	-1.17212028781331	1.40326259983595e-11	protein_coding	down_tumor	21.73	36.72	23.1	40.02	72.55	91.49	80.04	80.37	89.41	66.71	90.24	64.05
ENSG00000134247.9	PTGFRN	273.106767209536	-1.17090847025967	1.90932193848118e-09	protein_coding	down_tumor	4.74	38.23	4.35	23.29	43.43	24.62	35.02	39.72	36.41	45.48	39.42	46.36
ENSG00000062716.6	VMP1	3980.29373091295	-1.17017275378025	2.33795233737952e-05	protein_coding	down_tumor	74.79	192.05	73.3	137.08	311.61	283.62	316.67	299.9	330.9	331.99	309.31	215.56
ENSG00000107798.13	LIPA	433.957213193147	-1.16974489663513	2.09875976465942e-12	protein_coding	down_tumor	11.92	21.25	9.09	15.12	33.18	32.79	39.71	40.42	35.73	31.32	39.34	31.38
ENSG00000099326.4	MZF1	336.436514115281	-1.16895662327482	0.000644836977219862	protein_coding	down_tumor	2.86	14.82	5.07	19.15	21.66	25.11	31.54	22.08	32.12	25.63	32.43	24.29
ENSG00000168264.6	IRF2BP2	1264.84999055442	-1.1669778286383	3.36854460726854e-07	protein_coding	down_tumor	26.37	45.06	23.52	37.45	83.18	77.62	89.8	71.31	97.83	87.57	86.26	62.75
ENSG00000138764.9	CCNG2	167.367314508227	-1.16663008986313	1.69109781829218e-05	protein_coding	down_tumor	2.15	3.6	5.38	3.92	7.75	10.8	16.33	8.82	11.94	8.86	11.28	5.8
ENSG00000151689.8	INPP1	166.458511577801	-1.16597609797368	6.77556301625522e-09	protein_coding	down_tumor	5.59	8.39	6.03	9.38	16.31	19.69	20.96	18.48	22.39	15.74	22.18	15.2
ENSG00000092964.12	DPYSL2	833.395074532171	-1.16452924938364	2.16011880882439e-17	protein_coding	down_tumor	13.87	19.21	12.31	12.32	38.66	34.93	37.7	36.71	36.81	40.36	32.46	34.94
ENSG00000116667.8	C1orf21	73.8345510850166	-1.16451424098414	0.00707949363705101	protein_coding	down_tumor	2.14	3.44	5.23	2.28	5.98	18.43	8.51	7.94	13.07	8.11	17.29	4.65
ENSG00000167600.9	CYP2S1	455.955101041027	-1.16057989274736	5.24448527041415e-08	protein_coding	down_tumor	9.9	16.6	10.38	19.3	29.75	33.94	34.42	30.29	38.1	32.16	40.42	27.77
ENSG00000115170.9	ACVR1	138.778556888983	-1.15878025927232	6.8297110546923e-10	protein_coding	down_tumor	4.15	4.73	3.79	3.45	7.97	9.2	11.85	10.47	12.98	9.75	10.39	7.92
ENSG00000046647.9	GEMIN8	87.4898348293193	-1.15720699167729	0.00169470567312984	protein_coding	down_tumor	1.12	10.02	4.06	9.93	11.99	18.88	16.78	13.44	19.03	17.17	16.01	13.81
ENSG00000109107.9	ALDOC	71.8851684238661	-1.15685562781457	0.000332132230190725	protein_coding	down_tumor	11.4	3.01	5.95	3.08	9.25	10.65	11.13	7.46	10.23	8.87	10.25	5.64
ENSG00000123131.8	PRDX4	1147.56257691799	-1.15619555309039	2.16070737312641e-07	protein_coding	down_tumor	42.4	118.26	69.01	149.75	215.72	238.53	242.82	252.37	261.01	215.38	279.4	206.26
ENSG00000151150.16	ANK3	215.461746093633	-1.15606168702067	2.40035241965508e-11	protein_coding	down_tumor	9.6	9.49	8.1	5.27	9.89	12.38	12.68	11.22	11.54	11.25	12.51	11.6
ENSG00000119986.6	AVPI1	499.356555481381	-1.15595028992291	2.51055005171463e-12	protein_coding	down_tumor	19.42	32.72	22.94	30.85	54.36	73.88	80.11	81.18	82.51	56.24	78.67	56.75
ENSG00000175938.6	ORAI3	118.889814473974	-1.15210938726855	0.000101284969964835	protein_coding	down_tumor	2.65	9.32	3.31	6.52	8.75	12.73	15.17	11.34	14.05	10.81	13.94	7.83
ENSG00000162298.12	SYVN1	531.134958442805	-1.15174581068494	0.000708520770369279	protein_coding	down_tumor	6.69	23.57	5.41	23.75	31.05	36.14	40.22	30.25	38.93	33.32	37.59	35.62
ENSG00000127990.11	SGCE	213.735408917066	-1.15152353503098	3.58259919387006e-08	protein_coding	down_tumor	13.87	21.45	7.58	15.26	37.99	22.26	32.93	35.42	33.65	37.94	38.15	32.3
ENSG00000102265.7	TIMP1	1407.58310281718	-1.14676201050019	0.000400573809717967	protein_coding	down_tumor	61.85	260.44	81.92	324.14	328.42	403.99	372.72	319.67	448.69	387.95	418.44	370.48
ENSG00000198960.6	ARMCX6	127.251736507535	-1.14537639760033	6.06999924476725e-05	protein_coding	down_tumor	12.45	7.79	14.81	12.34	20.18	28.11	26.62	31.11	27.32	25.51	26.35	17.74
ENSG00000198814.8	GK	169.116419507013	-1.14508190573193	0.000230586105866567	protein_coding	down_tumor	3.85	5.15	2.69	8.79	8.03	12.3	8.78	8.5	11.82	10.88	13.6	10.28
ENSG00000177917.6	ARL6IP6	161.562080203552	-1.14402369602578	2.0187247804965e-09	protein_coding	down_tumor	6.54	12.96	7.92	9.2	23.83	17.32	25.88	24.31	25.23	28.24	25.26	27.21
ENSG00000146242.5	TPBG	335.922100672418	-1.1426761118404	0.000768437889140709	protein_coding	down_tumor	2.75	14.35	4.2	15.53	21.49	17.99	20.69	22.3	26.67	24.28	22.74	23.58
ENSG00000139835.9	GRTP1	56.8139735286399	-1.14232323956467	0.000281407687701494	protein_coding	down_tumor	2.43	4.44	0.9	5.43	8.18	8.72	10.27	8.83	10.25	9.08	10.04	7.04
ENSG00000178467.13	P4HTM	237.940484766598	-1.14210058344243	9.03674980189925e-07	protein_coding	down_tumor	5.88	25.49	12.67	31.21	29.68	37.02	30.32	28.29	36.83	37.32	30.53	34
ENSG00000198732.6	SMOC1	1260.82001427329	-1.1407804181319	0.0441659500498914	protein_coding	down_tumor	2.41	54.7	10.8	68.53	64.53	92.53	80.42	75.09	105.2	84.75	96.75	65.85
ENSG00000102760.12	RGCC	232.572727672784	-1.13968413993009	1.76033498967266e-05	protein_coding	down_tumor	8.11	31.3	13.3	27.03	39.72	56.59	48.9	44.19	56.99	61.97	57.89	40.93
ENSG00000111276.6	CDKN1B	494.284745731362	-1.13961147249501	6.95585461296608e-08	protein_coding	down_tumor	19.31	21.32	16.56	12.62	31.19	44.78	41.02	34.46	42.91	39.1	39.8	27.27
ENSG00000077147.10	TM9SF3	1738.58252582485	-1.13917410992652	1.29143130333376e-10	protein_coding	down_tumor	30.21	34.06	21.9	26.83	62.5	64.17	84.63	66.49	69.2	71.97	84.28	53.27
ENSG00000079459.8	FDFT1	970.720149011352	-1.1382871563966	5.56422450019021e-16	protein_coding	down_tumor	33.03	50.76	40.85	37.15	105.94	110.09	135.04	133.62	115.04	91.55	136.48	101.18
ENSG00000185033.10	SEMA4B	711.256646995381	-1.13625372304643	0.00091093529169702	protein_coding	down_tumor	10.78	32.08	9.57	38.55	46.76	45.89	56.34	47.25	63.29	50.3	59.8	41.97
ENSG00000186480.8	INSIG1	276.088233963069	-1.13531756239619	4.85681896631902e-08	protein_coding	down_tumor	6.13	13.61	4.81	11.12	24.2	15.84	20.37	23.55	16.37	20.35	19.05	25.94
ENSG00000163527.5	STT3B	1444.44023593287	-1.13318434242621	2.81466709119482e-26	protein_coding	down_tumor	32.49	47.81	39.82	49.95	72.36	76.59	89.83	86.6	74.44	80.71	98.76	70.45
ENSG00000196693.10	ZNF33B	289.551254227137	-1.13126374914797	4.74312720596157e-06	protein_coding	down_tumor	1.48	5.96	2.88	5.05	8.69	11.02	11.83	8.9	10.56	9.22	10.45	7.01
ENSG00000099814.11	CEP170B	991.741656177274	-1.13043698871954	0.00188431609769296	protein_coding	down_tumor	3.59	17.21	4.9	22.72	36.16	29.46	43.72	28.75	34.22	30.49	29.74	28.91
ENSG00000016864.12	GLT8D1	234.038280311648	-1.12963095320045	8.37539511011266e-10	protein_coding	down_tumor	9.97	18.98	9.44	15.61	28.97	40.23	34.78	30.52	37.99	30.33	30.8	26.71
ENSG00000107863.12	ARHGAP21	953.966662942254	-1.12892048209559	1.81660671143028e-33	protein_coding	down_tumor	10.19	16.66	15.7	15.49	29.18	27.81	40.26	31.7	34.18	32.06	33.78	30.26
ENSG00000198873.10	GRK5	206.735171189111	-1.12606782508623	6.54600826592712e-09	protein_coding	down_tumor	5.67	8.54	4.01	7.6	13.87	16.44	19.06	16.87	20	16.15	17.72	11.48
ENSG00000171067.6	C11orf24	491.982083312704	-1.12570663625062	4.63586861017929e-09	protein_coding	down_tumor	11.31	74.25	24.85	66.38	70.79	67.04	77.22	68.18	78.03	79.35	75.15	96.92
ENSG00000023318.7	ERP44	388.826448842121	-1.12510343550602	9.94332556550473e-11	protein_coding	down_tumor	5.11	7.17	3.98	8.18	12.95	13.41	17.34	15.46	18.39	16.49	19.43	14.85
ENSG00000117868.11	ESYT2	1459.63647526557	-1.12385511133424	1.32126060929705e-06	protein_coding	down_tumor	15.02	39.24	16.03	38.78	46.6	59.02	70.45	53.58	77.23	59.6	67.65	49.64
ENSG00000118762.3	PKD2	255.056277927489	-1.12249716163219	2.70017875155631e-12	protein_coding	down_tumor	2.92	4.6	3.74	6.01	10.05	7.27	12.35	10.34	9.99	12.07	9.77	9.85
ENSG00000174851.10	YIF1A	500.196604690352	-1.12208740923719	5.98406480840128e-11	protein_coding	down_tumor	35.52	65.01	46.58	71.37	112.06	133.63	108.43	119.71	116.89	104.92	122.95	108.25
ENSG00000095564.9	BTAF1	624.182920576	-1.12066646036694	7.18170948940324e-15	protein_coding	down_tumor	6.61	7.01	4.83	8.93	18.68	19.01	23.35	16.17	18.93	18.56	18.53	15.67
ENSG00000164930.7	FZD6	205.37325891389	-1.12062469682553	1.22815110868651e-11	protein_coding	down_tumor	4.6	5.63	3.38	4.91	13.58	10.83	10.59	11.1	11.72	11.21	11.57	9.39
ENSG00000219438.4	FAM19A5	74.7389172117783	-1.12002187869942	0.0005502987800039	protein_coding	down_tumor	2	3.83	1.34	4.95	6.32	11.05	9.37	8.35	6.57	6.73	5.81	6.61
ENSG00000181830.7	SLC35C1	280.302295509617	-1.11998273821556	3.58330463422093e-07	protein_coding	down_tumor	5.25	9.74	2.56	9.47	16.89	16.26	16.61	19.33	17.88	14.16	19.98	19.12
ENSG00000124370.6	MCEE	101.540548219675	-1.11734955799224	0.00265582400494074	protein_coding	down_tumor	5.84	24.68	4.15	18.65	27.36	35.86	30.37	30.25	29.69	29.74	31.6	26.57
ENSG00000109686.12	SH3D19	396.723425309542	-1.11682425013826	1.90316770162393e-09	protein_coding	down_tumor	27.56	14.99	9.38	7.42	27.9	32.55	27.14	24.05	26.64	23.67	24.42	27.26
ENSG00000090776.5	EFNB1	208.874051394037	-1.11644206466496	0.000209815257555144	protein_coding	down_tumor	1.83	8.56	2.48	7.58	12.27	13.67	13.06	12.75	12.39	10.96	13.62	12.42
ENSG00000136240.5	KDELR2	2036.26312666227	-1.11564191627373	3.08228408207879e-05	protein_coding	down_tumor	36.87	129.98	31.84	98.6	145.26	178.68	171.12	159.94	161.39	168.05	178.55	148.96
ENSG00000159403.11	C1R	419.485678892543	-1.11445553489409	0.000765463648529631	protein_coding	down_tumor	15.56	41.18	22.13	54.57	88.13	32.02	46.32	86.56	56.05	82.5	81.83	80.29
ENSG00000151876.8	FBXO4	101.071927641752	-1.11428829443882	4.04920984239441e-08	protein_coding	down_tumor	4.37	15.66	6.82	8.53	21.57	22.6	16.08	21.3	19.81	21.71	23.4	14.13
ENSG00000160190.9	SLC37A1	145.74100570715	-1.11419166497482	0.00398601714882096	protein_coding	down_tumor	0.79	5.36	2.27	8.16	8.71	11.27	10.5	9.45	11.37	9.66	8.91	9.11
ENSG00000103460.12	TOX3	147.390102347139	-1.11364251304391	7.33687501342245e-05	protein_coding	down_tumor	1.17	4.56	4.79	4.18	7.86	10.75	12.2	8.65	11.14	8.43	10.22	6
ENSG00000147676.9	MAL2	81.536746059599	-1.11234317195141	0.0115771776770622	protein_coding	down_tumor	1.23	4.2	1.61	4	3.35	10.06	5.33	3.49	7.12	5.28	5.8	5.81
ENSG00000176978.9	DPP7	412.72470161413	-1.1112819969839	6.12192917100082e-12	protein_coding	down_tumor	31.83	43.84	25.29	59.62	96.85	81.73	82.51	78.29	98.01	78.23	73.69	67.08
ENSG00000147403.12	RPL10	13413.5439047098	-1.11058351741561	4.7946029276863e-05	protein_coding	down_tumor	1584.41	1237.25	1994.02	1245.12	3372.84	5273.59	4705.96	4280.41	5049.29	3248.13	5360	2546.18
ENSG00000010278.7	CD9	662.125293695756	-1.10798822989758	2.18134048184334e-05	protein_coding	down_tumor	23.88	87.02	26.04	53.81	122.79	110.75	112.18	129.34	129.88	105.47	144.39	109.7
ENSG00000204619.3	PPP1R11	398.105968301335	-1.10748647475042	3.13292819329286e-10	protein_coding	down_tumor	16.41	22.05	21.92	16.53	42.4	51.63	50.06	46.62	51.46	42.03	56.26	42.17
ENSG00000102934.5	PLLP	118.630033365015	-1.1066263160697	0.00495429147394474	protein_coding	down_tumor	1.22	12.82	2.99	9.44	16.01	16.39	18.32	16.45	15.56	14.62	14.72	15.83
ENSG00000137207.7	YIPF3	397.20754274509	-1.10541220954398	3.40528428636484e-06	protein_coding	down_tumor	17.54	32.41	17	27.59	47.04	61.13	62.64	61.42	69.87	43.28	69.77	41.13
ENSG00000138772.8	ANXA3	782.82844188428	-1.10403524881337	3.13063988972304e-11	protein_coding	down_tumor	25.56	65.6	56.95	40.51	127.33	114.79	145.11	137.8	136.6	130.66	125.01	109.27
ENSG00000168374.6	ARF4	1425.20541491123	-1.10252695775836	1.81340306009615e-13	protein_coding	down_tumor	66.57	96.36	54.67	66.01	160.44	201.28	179.38	169.05	179.49	171.29	190.31	145.87
ENSG00000176142.8	TMEM39A	260.582571021743	-1.10076420456912	7.41755513471113e-05	protein_coding	down_tumor	7.51	8.73	4.86	7.58	14.08	16.31	18.77	15.04	22.07	12.77	18.43	10.63
ENSG00000136111.8	TBC1D4	220.373940102158	-1.10030591576629	1.00004519563345e-13	protein_coding	down_tumor	2.18	4.04	9.86	3.95	6.98	5.7	7.43	7.54	6.19	7.42	6.87	8.62
ENSG00000051108.10	HERPUD1	606.602219056484	-1.09938900917948	1.13657518862313e-07	protein_coding	down_tumor	12.88	56.13	24.95	38.19	78.98	90.08	78.99	77.41	92.56	73.93	95.86	72.71
ENSG00000111674.4	ENO2	874.629827476458	-1.09773111967957	0.00417690772881113	protein_coding	down_tumor	9.21	47.33	20.08	69.84	64.38	83.02	97.88	53.55	112.25	101.51	81.16	73.37
ENSG00000172270.14	BSG	3232.69209598009	-1.09607149611702	3.50428806504834e-10	protein_coding	down_tumor	156.1	186.71	138.32	206.28	370.73	437.26	525.32	529.45	531.11	352.09	613.44	298.93
ENSG00000143198.8	MGST3	1112.95091934484	-1.09552842532324	2.95015272656956e-17	protein_coding	down_tumor	67.31	158.81	92.17	132.73	301.7	302.42	370.08	386.71	348.01	316.52	365.25	296.65
ENSG00000143742.8	SRP9	2222.87325708123	-1.09516437694135	2.78257535576268e-12	protein_coding	down_tumor	78.02	197.19	104.67	133.05	314.43	302.79	363.88	358.37	325.16	385.87	321.76	352.17
ENSG00000198961.5	PJA2	474.80843602083	-1.09156582796072	1.23716966985294e-09	protein_coding	down_tumor	10.33	10.63	6.74	7.57	16.24	22.79	23.81	18.28	22.26	18.15	23.11	14.76
ENSG00000159596.6	TMEM69	149.167255255194	-1.08907335763272	1.09129009592147e-05	protein_coding	down_tumor	5.28	9.13	4.78	5.28	11.72	13.05	18.22	15.05	18.8	10.38	20.93	11.83
ENSG00000088367.16	EPB41L1	963.435806501007	-1.08637213470963	1.35651168371535e-32	protein_coding	down_tumor	20.19	23.2	27.72	21.56	42.46	52.14	58.33	45.95	46.98	44.93	59.77	39.12
ENSG00000174327.6	SLC16A13	38.0493521140013	-1.08559581470732	0.00295067046057007	protein_coding	down_tumor	0.82	2.88	1.13	3.24	4.44	4	6.64	4.17	5.03	5.12	7.49	2.68
ENSG00000079150.13	FKBP7	91.3509542311917	-1.08482971826613	0.0023549066981755	protein_coding	down_tumor	3.26	11.21	2.11	9.77	14.76	11.74	15.78	21.77	15.71	20.08	16.9	16.57
ENSG00000197822.6	OCLN	255.200474071486	-1.08481313096847	8.24542606115973e-06	protein_coding	down_tumor	2.55	6.16	2.76	3.8	8.27	12.01	8.65	7.35	10	11.2	10.87	7.76
ENSG00000107438.4	PDLIM1	903.379816939986	-1.08442816744474	3.79972702824002e-08	protein_coding	down_tumor	46.81	60.17	52.18	44.62	130.58	142.33	155.15	140	143.83	107.54	157.53	91
ENSG00000104129.5	DNAJC17	53.1221801649806	-1.08438021582786	1.38120825180088e-05	protein_coding	down_tumor	1.95	8.94	3.22	9.3	12.61	12.12	12.97	12.83	8.9	11.98	14.51	15.41
ENSG00000150782.7	IL18	718.632908926987	-1.08108010955583	1.25615915633748e-18	protein_coding	down_tumor	34.85	52.56	49.53	43.99	108.01	130.21	153.01	133.98	145.54	119.06	136.09	86.62
ENSG00000102572.10	STK24	1229.87699303216	-1.08066296468336	2.63116310231525e-20	protein_coding	down_tumor	29.62	44.92	40.3	40.77	90.13	106.78	103.55	96.68	104.28	95.83	106.43	74.29
ENSG00000146085.7	MUT	162.636828998963	-1.07870608894989	9.44267377102718e-07	protein_coding	down_tumor	3.45	3.89	2.99	3.1	7.6	11.03	9.72	9.27	8.82	8.12	8.48	5.65
ENSG00000034677.7	RNF19A	812.60187154463	-1.07590655418544	8.56957708873475e-06	protein_coding	down_tumor	11.73	21.55	10.99	23.72	34.31	45.31	48.76	35.7	40.39	39.75	48.17	29.63
ENSG00000213064.5	SFT2D2	1008.31309523325	-1.07588489371562	1.4815855819682e-24	protein_coding	down_tumor	4.88	11.63	7.24	8.69	21.39	23.7	29.09	21.91	21.98	23.36	24.85	19.19
ENSG00000140688.12	C16orf58	573.58481820459	-1.0750393765884	3.39972872847419e-05	protein_coding	down_tumor	14.47	23.51	9.33	29.97	41.65	51.85	60.42	41.11	59.95	42.47	52.36	31.15
ENSG00000144645.9	OSBPL10	309.655589999047	-1.07423979678575	6.38535294565948e-11	protein_coding	down_tumor	4.7	7.25	4.73	4.26	12.76	12.96	17.3	15.1	15.74	11.11	14.82	11.16
ENSG00000084207.11	GSTP1	5038.75682406064	-1.07359205925026	6.44089655972944e-29	protein_coding	down_tumor	494.4	642.41	533.38	627.87	1418.85	1482.21	1615.84	1578.87	1498.67	1320.41	1519.2	1246.41
ENSG00000137942.12	FNBP1L	573.902804235846	-1.07297137172295	9.05552151070335e-19	protein_coding	down_tumor	9.41	14.86	9.9	11.27	23.42	25.15	30.71	25.31	26.46	31.45	27.34	24.26
ENSG00000221914.4	PPP2R2A	803.117315873265	-1.07166588749327	6.43612875320256e-11	protein_coding	down_tumor	28.53	32.02	34.83	29.09	47.51	75.03	80.09	62.72	82.27	57.53	81.5	50.64
ENSG00000004866.14	ST7	144.580795367759	-1.07151825337409	1.2996009494128e-10	protein_coding	down_tumor	3.63	6.2	4.9	8.87	13.72	13.51	16.42	16.14	16.04	19.02	17.51	15.02
ENSG00000130175.5	PRKCSH	1316.19388179726	-1.07033695551383	2.30938990439683e-11	protein_coding	down_tumor	42.54	109.76	66.3	137.85	160.86	164.35	166.63	173.64	167.71	153.58	189.77	150.62
ENSG00000096080.7	MRPS18A	217.571522453726	-1.06993176093549	1.40910871777752e-08	protein_coding	down_tumor	15.79	16.12	17.33	18.45	36.68	52.5	50.15	45.14	48.92	34.56	58.21	35.38
ENSG00000172493.16	AFF1	314.606054820009	-1.06900438485808	9.30220732680556e-09	protein_coding	down_tumor	4.11	5.11	2.18	3.36	5.92	7.03	8.16	6.1	8.43	6.96	7.7	5.25
ENSG00000163703.13	CRELD1	139.046196086764	-1.06779375204669	0.00495486314400089	protein_coding	down_tumor	2.62	12.72	2.84	16.25	13.31	19.45	22.8	15.35	25.43	20.63	24.73	12.79
ENSG00000163993.6	S100P	3284.40010193316	-1.06763745633123	0.000248940271417234	protein_coding	down_tumor	251.76	1167.93	487.2	1141.57	1396.81	2203.2	1291.94	1302	1711.5	1353.71	1779.36	1486.62
ENSG00000112695.7	COX7A2	761.087626854214	-1.06565770391881	1.00777166952454e-11	protein_coding	down_tumor	158.18	196.79	146.32	144.38	410.79	445.32	488.58	526.08	514	354.21	543.65	361.07
ENSG00000125772.8	GPCPD1	3227.48083030108	-1.0652903919493	0.014945242733557	protein_coding	down_tumor	7.67	85.11	34.48	92.58	122.87	138.6	147.41	104.18	150.2	153.7	159.94	119.75
ENSG00000080819.2	CPOX	357.973483800804	-1.06455456879607	1.51255780148755e-06	protein_coding	down_tumor	6.85	15.43	5.12	14.56	24.51	27.98	28.86	23.32	29.03	29.89	27.86	26.3
ENSG00000106609.12	TMEM248	794.152082510292	-1.06282278182382	4.58827019178505e-10	protein_coding	down_tumor	15.15	34.95	14.7	31.69	53.24	46.99	61.19	54.54	54.2	59.5	53.77	54.49
ENSG00000139323.9	POC1B	565.751232701033	-1.06263158714439	4.06494047823844e-07	protein_coding	down_tumor	13.22	16.71	28.59	10.51	33.74	42.26	52.62	40.31	48.01	41.11	47.84	30.27
ENSG00000138448.7	ITGAV	1255.08888190416	-1.06226986574285	2.3372278200186e-09	protein_coding	down_tumor	14.12	21.75	15.74	13.09	38.84	27.08	42.29	44.39	39.12	36.29	34.41	30.72
ENSG00000120896.9	SORBS3	501.039303723388	-1.05993239310914	0.000334695386117505	protein_coding	down_tumor	31.89	18.64	31.77	16.49	72.3	69.17	80.97	58.19	66.2	41.02	72.13	41.04
ENSG00000102144.9	PGK1	5833.14713865343	-1.05802510127639	1.77721700862091e-09	protein_coding	down_tumor	383.84	459.6	387.04	286.1	711.52	922.55	1020.59	837.03	1068.06	802.36	1127.96	665.28
ENSG00000180879.9	SSR4	1868.97235556368	-1.05748614774065	0.000105852319043445	protein_coding	down_tumor	94.6	399.53	176.06	422.3	577.89	637.53	540.96	559.06	639.41	601.78	643.65	564.97
ENSG00000114395.6	CYB561D2	121.774972860216	-1.05597291936167	7.65098188183822e-07	protein_coding	down_tumor	5.48	11.12	4.85	10.91	20.06	22.4	18.68	22.31	18.45	17.65	21.21	17.8
ENSG00000163516.9	ANKZF1	366.543925842744	-1.0558558215698	1.06610212529825e-06	protein_coding	down_tumor	10.37	16.92	18.86	25.24	28.62	35.63	45.26	23.94	46.57	34.22	33.65	24.08
ENSG00000060762.14	MPC1	148.87316750836	-1.0552461430839	1.3436844235986e-08	protein_coding	down_tumor	9.76	18.97	12.74	15.44	30.79	41.3	33.98	29.55	33.28	29.9	30.91	33.76
ENSG00000196670.9	ZFP62	307.136136457636	-1.05518150177065	1.79296265374007e-05	protein_coding	down_tumor	8.41	32.77	6.85	27.6	32.6	40.31	37.13	33.92	37.3	37.75	41.45	29.94
ENSG00000111275.8	ALDH2	936.07315901005	-1.05481866713256	6.42660856201246e-17	protein_coding	down_tumor	33.72	49.32	32.35	39.51	103.42	88.07	101.33	101.66	86.45	85.25	89.3	89.13
ENSG00000153113.19	CAST	2933.90833402544	-1.05110102644683	9.3009029611942e-13	protein_coding	down_tumor	77.7	186.19	166.53	185	205.56	257.15	235.53	234.38	254.47	233.74	272.93	195.86
ENSG00000131981.11	LGALS3	769.561022300476	-1.05037074608994	2.22977043295533e-12	protein_coding	down_tumor	42.85	65.6	56.16	56.28	121.06	147.39	130.59	106.44	158.27	118.45	146.38	109.74
ENSG00000139289.9	PHLDA1	641.301554219363	-1.05017173383692	2.00529316963325e-12	protein_coding	down_tumor	6.11	12.31	6.8	9.7	18.32	16.35	22.85	20.76	21.95	26.05	22.77	22.35
ENSG00000157224.11	CLDN12	380.832195025586	-1.04971097773608	6.63263135254572e-07	protein_coding	down_tumor	14.07	27.95	26.82	24.03	21.91	28.05	26.49	24.99	28.56	27.09	28.71	21.21
ENSG00000176018.8	LYSMD3	195.367714933488	-1.04954456296171	1.37097625799493e-07	protein_coding	down_tumor	3.99	5.45	4.24	3.67	8.07	13.06	10.93	9	8.77	9.47	10.66	7.51
ENSG00000164039.10	BDH2	115.139920652926	-1.04948089789482	0.00116102854796044	protein_coding	down_tumor	2.28	10.3	5.92	12.01	20.99	16.23	19.82	19.12	12.91	13.58	19.36	14.03
ENSG00000133466.9	C1QTNF6	229.688148777936	-1.0488581051587	4.93788988226989e-05	protein_coding	down_tumor	2.27	11.65	6.08	13.47	20.11	13.15	19.09	22.01	15.55	18.85	20.85	16.31
ENSG00000106392.6	C1GALT1	436.871006540738	-1.04849567005209	7.80307435158271e-07	protein_coding	down_tumor	9.46	12.21	8.02	11.78	22.17	26.72	36.48	28.83	27.22	27.39	28.38	23.28
ENSG00000085365.13	SCAMP1	361.323617497105	-1.04689491250791	4.715356803833e-11	protein_coding	down_tumor	6.47	10.66	5.01	9.14	17.2	19.26	21.74	17.37	19.26	20.85	21.8	15.73
ENSG00000120686.7	UFM1	372.873431098029	-1.04674703569124	7.81092678691432e-09	protein_coding	down_tumor	10.83	17.33	14.58	11.28	25.08	40.58	38.1	36.08	37.87	30.84	42.2	25.28
ENSG00000103769.5	RAB11A	1753.83485646875	-1.04093421882897	4.89664253966512e-15	protein_coding	down_tumor	129.55	141.82	115.85	103.26	258.38	301.59	351.64	287.14	295.32	242.86	338.11	203.32
ENSG00000162736.11	NCSTN	395.58901267474	-1.04073673494719	2.39160685430638e-06	protein_coding	down_tumor	12.59	20.92	6.6	18.67	30.05	29.52	36.27	37.27	41.36	34.55	42.26	30.41
ENSG00000162236.7	STX5	271.885676858879	-1.03718782682289	3.25749790373914e-09	protein_coding	down_tumor	10.55	16.93	12.97	14.67	26.04	36.17	34.36	27.69	34.85	24.42	41.18	26.69
ENSG00000070882.8	OSBPL3	473.002795620161	-1.0365886890273	3.44600402993016e-07	protein_coding	down_tumor	8.81	17.91	15.82	17.34	27.2	22.84	26.38	21.89	26.05	23.08	24.56	25.07
ENSG00000143494.11	VASH2	189.202219567849	-1.03640976607136	2.34830149177779e-08	protein_coding	down_tumor	5.55	9.51	14.71	10.5	11.21	9.68	12.42	10.76	9.95	12.23	8.49	10.89
ENSG00000101493.6	ZNF516	49.6470381685683	-1.03593422359005	0.000877338761864756	protein_coding	down_tumor	5.44	2.49	2.28	0.98	3.27	5.52	3.24	5.57	2.73	6.39	2.25	5.6
ENSG00000164976.8	KIAA1161	547.717555759425	-1.03541568160599	9.67587816767783e-05	protein_coding	down_tumor	2.43	10.45	4.74	11.32	16.05	15.61	17.98	17.62	18.18	17.68	17.15	14.77
ENSG00000054793.9	ATP9A	490.507315995315	-1.03537987161734	1.63723229627727e-10	protein_coding	down_tumor	4.41	7.24	4.85	6.5	12.6	12.42	14.65	12.3	14.44	12.18	15.27	9.7
ENSG00000142192.16	APP	2749.42649727805	-1.03437841193148	7.31386942329599e-16	protein_coding	down_tumor	90.99	91.93	107.38	77.95	151.07	161.32	164.1	164.38	188.74	167.22	190.75	145.26
ENSG00000169372.8	CRADD	80.9609747412596	-1.03295324958235	3.72898928730442e-08	protein_coding	down_tumor	6.98	9.18	6.1	7.34	14.78	17.8	16.13	13.7	14.27	12.91	16.58	11.46
ENSG00000117791.11	MARC2	195.973174365248	-1.03153333394517	0.0069380953138789	protein_coding	down_tumor	5.92	25.63	2.65	26.91	30.25	29.08	28.1	29	36.53	40.67	28.91	30.23
ENSG00000135776.4	ABCB10	215.976478912138	-1.03125068527114	1.10077473588364e-13	protein_coding	down_tumor	4.03	6.93	4.81	6.41	10.18	10.25	12.52	13.59	12.53	12.59	10.77	14.84
ENSG00000177042.10	TMEM80	65.6153978154314	-1.03044980260023	0.00019339992033183	protein_coding	down_tumor	1.25	6.68	3.02	4.12	9.6	13.69	10.6	10.74	12.9	10.39	18.44	6.63
ENSG00000131931.4	THAP1	72.6349487886216	-1.02995373303202	1.70341450301056e-07	protein_coding	down_tumor	3.23	3.41	5.99	2.94	6.96	5.91	7.8	7.09	8.75	6.62	9.31	5.79
ENSG00000186591.7	UBE2H	844.721563448561	-1.02930638648553	1.02189751250703e-10	protein_coding	down_tumor	14.89	22.95	19.95	13.55	33.35	42.16	49.43	41.18	45.57	38.02	48.8	30.12
ENSG00000111907.16	TPD52L1	480.266379001026	-1.02927903861996	5.11859707939614e-09	protein_coding	down_tumor	22.62	22.01	44.3	20.25	74.19	83.22	104.03	97.99	80.71	73.95	88.14	52.94
ENSG00000118363.7	SPCS2	898.118223735043	-1.02921172879292	0.000221775473771697	protein_coding	down_tumor	66.6	171.39	36.1	139.47	239.39	248.04	253.21	261.24	260.18	280.5	253.32	251.52
ENSG00000143443.9	C1orf56	58.4511988449602	-1.02833640336108	0.000156562173458158	protein_coding	down_tumor	2.28	5.8	3.79	7.8	8.88	9.29	10.34	9.8	10.92	10.14	7.7	5.38
ENSG00000198862.9	LTN1	207.815677492478	-1.02676691497281	8.74077690383633e-11	protein_coding	down_tumor	2.06	2.88	2.05	2.46	5.66	4.61	6.58	4.35	6.04	5.74	5.93	4.89
ENSG00000012822.11	CALCOCO1	326.663884014981	-1.02656036960001	4.26075914645857e-06	protein_coding	down_tumor	10.73	26.46	26.31	26.52	29.69	30.87	34.27	23.35	36.05	34.01	36.06	26.51
ENSG00000164542.8	KIAA0895	163.387191879906	-1.02617643112933	1.48848298857745e-08	protein_coding	down_tumor	4.29	5.2	2.52	4.37	7.79	8.2	9.74	7.74	9.23	9.07	8.3	8.42
ENSG00000134851.8	TMEM165	572.106118257931	-1.02604822131263	1.09072573165057e-08	protein_coding	down_tumor	16.86	42.6	27.57	40.55	77.19	61.29	69.93	67.44	67.45	69.56	68.39	65.17
ENSG00000171159.4	C9orf16	224.645406204521	-1.02528284597449	1.73685755850005e-13	protein_coding	down_tumor	23.5	29.76	25.45	26.73	65.79	73.93	69.27	64.39	63.08	60.26	70.48	54.68
ENSG00000167925.11	GHDC	219.598322193134	-1.02369290300606	1.7697066513275e-05	protein_coding	down_tumor	5.11	8.9	4.53	12.78	19.3	19.91	23.06	19.01	20.98	17.18	21.35	13.19
ENSG00000100211.6	CBY1	145.672986967918	-1.02365503853631	2.54644088589857e-08	protein_coding	down_tumor	5.89	13.29	10.32	17.56	29.98	26.95	31.82	27.59	31	27.43	29.26	27.79
ENSG00000136932.9	C9orf156	65.8145455801475	-1.02234709084007	2.5144663252127e-06	protein_coding	down_tumor	3.33	3.12	3.91	3.76	7.27	7.59	10.3	5.91	7.51	7.47	6.84	6.04
ENSG00000013375.11	PGM3	351.945048692315	-1.02176759858349	8.01051941949651e-08	protein_coding	down_tumor	10.14	13.67	15.32	10.58	17.03	22.27	22.76	16.03	23.64	16.87	27.68	14.46
ENSG00000180628.10	PCGF5	776.115157682191	-1.02154508329621	3.52502295047326e-08	protein_coding	down_tumor	16.23	39.59	18.97	27.33	39.19	55.26	55.59	50.58	49.44	46.93	49.31	44.54
ENSG00000143537.9	ADAM15	605.035903968337	-1.02133804070969	3.81664281928573e-09	protein_coding	down_tumor	21.61	39.96	34.58	68.56	73.76	75.19	71.46	68.83	74.68	72.72	69.98	68.41
ENSG00000119977.16	TCTN3	301.877004886468	-1.02091742355459	6.71127042003461e-16	protein_coding	down_tumor	7.83	12.17	9	12.62	23.13	22.62	28	29.84	28.25	26.68	29.62	22.08
ENSG00000141429.9	GALNT1	678.719887437623	-1.02079542793516	1.38975495072709e-07	protein_coding	down_tumor	26.88	16.67	19.25	11.99	33.65	29.98	40.22	44.83	43.06	36.94	44.83	29.27
ENSG00000128283.6	CDC42EP1	289.496776596748	-1.0205767639271	3.69799721020616e-08	protein_coding	down_tumor	9.45	14.01	8.64	11.21	25.05	35.06	27.9	30.83	25.13	22	27.26	20.93
ENSG00000104549.7	SQLE	438.67835278931	-1.02042839734581	5.05609291918698e-09	protein_coding	down_tumor	8.57	27.38	9.68	18.72	38.99	42.56	43.66	52.42	34.03	38.16	42.25	48.66
ENSG00000169084.8	DHRSX	87.9702107516237	-1.01977869058988	1.74604854887805e-08	protein_coding	down_tumor	4.89	4.76	5.19	4.07	9.2	9.48	15	15.06	11.6	9.37	14.72	8.89
ENSGR0000169084.8	DHRSX	87.9702107516237	-1.01977869058988	1.74604854887805e-08	protein_coding	down_tumor	4.89	4.76	5.19	4.07	9.2	9.48	15	15.06	11.6	9.37	14.72	8.89
ENSG00000155957.12	TMBIM4	449.180830657925	-1.01820343419028	1.14459429007856e-07	protein_coding	down_tumor	9.02	39.08	13.5	36.03	61.61	76.86	76.82	62.97	85.1	58.4	96.74	76.98
ENSG00000005893.11	LAMP2	695.674771928484	-1.01807259116557	6.69711188582875e-10	protein_coding	down_tumor	16.02	33.65	13.96	26.86	46.46	53.03	58.9	57.94	62.28	58.65	65.78	46.04
ENSG00000060656.15	PTPRU	250.487752568914	-1.0178044374101	0.000384964326211562	protein_coding	down_tumor	3.15	5.14	2.69	6.45	14.56	14.07	11.33	12.08	14.48	8.26	13.8	9.28
ENSG00000144827.4	ABHD10	273.286507789149	-1.01752738231952	8.74258478503242e-07	protein_coding	down_tumor	10.38	16.1	5.42	14.91	21.53	25.63	29.73	24.9	28.2	22.87	26.85	21.03
ENSG00000125247.11	TMTC4	151.390742830089	-1.01709130623681	2.0037464495033e-09	protein_coding	down_tumor	5.32	6.21	6.59	4.17	9.61	8.52	11.75	11.92	10.42	11.6	10.55	7.59
ENSG00000197766.3	CFD	640.70416749974	-1.01593148310955	0.0292846262756022	protein_coding	down_tumor	10.94	56.3	21.51	102.31	76.95	124.41	109.03	83.03	152.49	139.7	190.39	94.06
ENSG00000170881.4	RNF139	222.58385115218	-1.01555977195981	6.6484625394984e-10	protein_coding	down_tumor	5.49	8.55	6.34	8.85	16.78	17.04	16.7	18.15	18.2	16.34	20.31	12.79
ENSG00000162819.7	BROX	536.793215485762	-1.01518570762872	2.60990860016917e-13	protein_coding	down_tumor	10.65	18.69	9.51	13.62	25.88	28.27	28.79	25.42	30.92	28.94	29.94	26.71
ENSG00000150527.12	CTAGE5	699.847687733162	-1.014758931878	1.50266898746706e-06	protein_coding	down_tumor	18.4	62.46	46.07	48.13	48.97	59.1	67.56	55.36	58.44	68.1	61.07	65.36
ENSG00000183255.7	PTTG1IP	1080.12072860512	-1.01452628801348	0.000299282038765228	protein_coding	down_tumor	20.29	65.5	18.33	63.26	90.67	91.65	90.71	96.25	113.84	88.19	104.92	78.18
ENSG00000099194.5	SCD	3359.83109604777	-1.01356079470977	1.71318058970291e-09	protein_coding	down_tumor	42.33	69.1	37.76	54.16	146.97	103.35	106.45	136.3	105.42	120.29	119.18	145.31
ENSG00000112378.11	PERP	3261.00714367353	-1.01192427369806	0.00249973243599493	protein_coding	down_tumor	24.4	124.57	26.42	89.25	152.07	144.59	144.01	145.32	161.11	154.28	143.3	151.15
ENSG00000083838.11	ZNF446	106.853787374894	-1.01169217620719	7.35306977944526e-07	protein_coding	down_tumor	4.11	4.32	2.96	6.51	10.29	9.52	10.76	9.42	9.51	9.3	9.9	8.56
ENSG00000077092.14	RARB	117.669727995819	-1.01129620150439	1.63334163975169e-10	protein_coding	down_tumor	4.46	3.52	3.47	3.53	8.02	7.58	9.32	8.75	8.21	10.26	8.23	7.35
ENSG00000168300.9	PCMTD1	570.521018217377	-1.00983894510799	0.000862654902339934	protein_coding	down_tumor	7.6	26.31	13.83	20.26	28.86	33.05	38	28.98	35.37	42.01	33.86	31.78
ENSG00000170385.9	SLC30A1	377.713106362111	-1.00979390137253	1.85977842837545e-11	protein_coding	down_tumor	5.33	7.09	4.66	5.14	13.45	12.13	14.69	16.28	12.91	13.41	14.61	10.91
ENSG00000143337.14	TOR1AIP1	534.18815732761	-1.00958980980219	2.03861352064362e-13	protein_coding	down_tumor	8.73	13.12	10.42	11.81	25.3	27.22	37.3	29.57	32.5	27.96	34.27	25.65
ENSG00000258839.2	MC1R	155.822912810389	-1.00940393675786	0.0110047707009163	protein_coding	down_tumor	1.18	5.29	1.96	9.28	10.67	9.67	11.12	9.14	9.45	11.36	10.49	9.5
ENSG00000076826.5	CAMSAP3	137.216325728229	-1.00930536601567	1.08641787603828e-05	protein_coding	down_tumor	1.18	4.67	2.12	5.85	11.77	7.15	9.51	9.26	12	12.57	9.85	6.39
ENSG00000070610.10	GBA2	499.406814736511	-1.00687912734182	9.36380113406719e-08	protein_coding	down_tumor	12.93	29.8	22.28	36.43	44.83	44.85	73.2	40.95	57.41	46.79	52.03	34.6
ENSG00000172269.12	DPAGT1	207.26095422608	-1.00602286038761	4.85905342993203e-10	protein_coding	down_tumor	6.79	12.16	8.6	12.06	20.98	24.93	22.26	24.47	26.23	19.56	29.62	20.91
ENSG00000078114.14	NEBL	303.472260617647	-1.00596872839275	5.83909744557901e-09	protein_coding	down_tumor	4.21	10.75	29.04	12.7	9.86	12.11	11.59	9.12	10.78	9.03	9.81	11.31
ENSG00000165943.4	MOAP1	132.337699074985	-1.00542667564413	3.14831477937299e-07	protein_coding	down_tumor	3.43	5.28	4.23	4.78	7.56	11.07	12.94	11.54	12.78	11.26	10.36	7.59
ENSG00000138293.15	NCOA4	808.008610506046	-1.00496755107035	1.47412795031299e-06	protein_coding	down_tumor	20.9	17.29	24.74	15.19	39.5	49.84	55.2	48.44	52.63	41.18	53.87	36.56
ENSG00000176171.7	BNIP3	313.549580561722	-1.00464513434357	0.000703057350147314	protein_coding	down_tumor	24.71	18.7	24.13	18.12	45.49	64.47	72.16	40.09	74.13	41.99	62.45	34.28
ENSG00000113504.15	SLC12A7	622.979237380422	-1.00375900949682	0.000786664741999397	protein_coding	down_tumor	4.57	14.54	6.89	17.85	23.66	17.94	27.68	23.36	26.98	23.31	24.74	24.12
ENSG00000173894.6	CBX2	294.35045617185	-1.00149303596798	2.04095311135947e-17	protein_coding	down_tumor	4.14	8.14	6	8.71	12.31	13.06	15.98	14.06	14.01	12.07	13.26	13.5
ENSG00000168936.6	TMEM129	188.837773288347	-1.00048599074855	3.28281119296147e-07	protein_coding	down_tumor	4.01	7.23	3.8	8.67	13.68	14.03	17.18	14.82	15.17	12.38	18.1	13.36
