kmer	freqCds_mem	freqCds_cyt	freqUtr3_mem	freqUtr3_cyt	freqCdsUtr3_mem	freqCdsUtr3_cyt	labs
AAAA	0.00490992380789528	0.00771917382741246	0.0126673020046797	0.013326791411362	0.00884792165657399	0.0103282946358838	NA
AAAC	0.00307605952128708	0.00433081134978057	0.00485396639598704	0.00499510877443815	0.00397860588039352	0.00463989666234699	NA
AAAG	0.0046590065659776	0.00709304112844471	0.00651361670370134	0.00660854924257934	0.00560049098857817	0.0068676160094842	NA
AAAT	0.0035964804674867	0.00503602309204355	0.00914009443542446	0.00940800124825847	0.00641067094858164	0.00707022371482	NA
AACA	0.00424824574772719	0.00517311750652342	0.00471876678728475	0.00479329038940574	0.00448710361884449	0.00499639096979774	NA
AACC	0.00325448955998409	0.00352088306616773	0.00286563081733872	0.0029615706809759	0.00305708718341669	0.00326064535188125	NA
AACG	0.00155692599738055	0.00154450880299003	0.000668186510564197	0.000652071190570779	0.00110576142884509	0.00112927407808828	NA
AACT	0.0033052925571131	0.0038410508822489	0.00446459152292445	0.00456712653777586	0.00389380541771244	0.00417888046370648	NA
AAGA	0.00654615204469673	0.00980640318781225	0.00566155872530204	0.00563791208852012	0.00609709225924295	0.00786688133128967	NA
AAGC	0.00403450143053805	0.00560895497345195	0.00358609450993447	0.00362456966621259	0.00380686969158255	0.00468565717012772	NA
AAGG	0.0048225674347832	0.00608379032474525	0.00438106820910392	0.00433266309526049	0.00459844235581786	0.00526902319336904	NA
AAGT	0.00342362636749897	0.00428952655244379	0.00477044308216651	0.0048823726649101	0.00410733176259287	0.0045653668901809	NA
AATA	0.0022632115672229	0.00276174832330161	0.00630030176552662	0.00642996971202633	0.00431262209131363	0.00446850393067315	NA
AATC	0.00221736496005769	0.00282445788427089	0.00330608109813328	0.00335372635031577	0.00277004676837028	0.00307071671832155	NA
AATG	0.00414725930221464	0.00475256624735516	0.00556241234558702	0.00560872519390611	0.00486565532455394	0.00515092117961707	NA
AATT	0.0027433618449666	0.00342435126598086	0.00677560350100889	0.00707567788291822	0.00479031102857471	0.00512324604832915	NA
ACAA	0.00436905775309496	0.00494262075171311	0.00395684188135363	0.00398698513487942	0.00415979823590635	0.00449798116353332	NA
ACAC	0.00334804142055093	0.0032346578531448	0.00339741594490105	0.00313171229412865	0.00337310617383973	0.00318675918741953	NA
ACAG	0.00540804099925778	0.00617827593964139	0.00475902622632054	0.00470572970556371	0.00507857159416329	0.00549312739603081	NA
ACAT	0.00379411651729346	0.00382191303158841	0.00454691306244539	0.00449893156600001	0.00417627026822569	0.00413691724138153	NA
ACCA	0.00536343348958353	0.0053392196065956	0.00372129411863676	0.00369746773949023	0.00452980888782058	0.00457534280959864	NA
ACCC	0.00401157812695545	0.00389834407038974	0.00313482826044372	0.00305577103752632	0.00356650003477429	0.00350631041263943	NA
ACCG	0.00219877849769342	0.00189296212161972	0.000620716425730949	0.000629938948209446	0.00139768244606019	0.00130530078523358	NA
ACCT	0.00522527411934244	0.00461980493113804	0.00402173769353073	0.00402460994689368	0.00461430431286612	0.00434287170678005	NA
ACGA	0.00181032143428013	0.00190547996104545	0.000505346092971663	0.000533802020452405	0.00114785662255009	0.00126726356990529	NA
ACGC	0.00169446581887616	0.00147541995846725	0.000624321748629677	0.000600752053595438	0.00115121203654107	0.00106845315002528	NA
ACGG	0.00227312434715051	0.00192846945460616	0.000746902727186418	0.000704773592693704	0.00149834486578954	0.00135910638931894	NA
ACGT	0.00160525079952766	0.00136637031885465	0.000954809681013048	0.000880863245981061	0.00127505731657172	0.00114047285214432	NA
ACTA	0.00211575896579967	0.0021263476086052	0.00272322056283898	0.00277953298755393	0.00242413408966398	0.00243026269170258	NA
ACTC	0.00285426107040676	0.00302016948913855	0.00308916083705984	0.00297747823017311	0.00297350687127778	0.00300030603546343	NA
ACTG	0.00508711474910134	0.00463593368578273	0.00488761607637516	0.00480753802042585	0.00498584015295807	0.00471577801069225	NA
ACTT	0.00361754512483288	0.00356132531662009	0.00523913505900111	0.00535724759007546	0.00444073789824188	0.00439693475394717	NA
AGAA	0.00691602264574575	0.0102778683515679	0.00654726638408947	0.00667743584692899	0.00672882520245348	0.00860265365892589	NA
AGAC	0.00386288642804127	0.00450004290970919	0.00328865537078943	0.00318109485989737	0.00357138063694299	0.00388636076207014	NA
AGAG	0.00507162603046445	0.00712325245244334	0.00501981124932851	0.00493092527159028	0.00504532249188905	0.0061032031390035	NA
AGAT	0.0044495990900068	0.00582272115441441	0.00429874666958297	0.00432657672861112	0.00437301954315123	0.00512659280839187	NA
AGCA	0.0055480590157353	0.00716574088818645	0.00467550291250002	0.00458981208619623	0.00510510986845557	0.00596720883107003	NA
AGCC	0.00547247406878726	0.00587339433132049	0.00436664691750901	0.00421785208801108	0.00491110593224992	0.00510310112718235	NA
AGCG	0.00243978295968348	0.00263753283976937	0.000738490307089387	0.000775458441735212	0.00157612946285313	0.00177114404165687	NA
AGCT	0.0054638003863506	0.0062775761081628	0.00460820355172376	0.00458524731120921	0.00502946053484079	0.0054901668005907	NA
AGGA	0.00685902416116198	0.00862972628179366	0.00522711731600535	0.00506634692953869	0.00603059405469447	0.00697175173605133	NA
AGGC	0.00433684121833022	0.0050196536097176	0.00404877761527119	0.00391671526538219	0.00419060703709624	0.004506476785231	NA
AGGG	0.00373773758145517	0.00380518245774056	0.00462442750476804	0.00433459966646711	0.00418786169837635	0.00405151049901158	NA
AGGT	0.00309402643490587	0.00347020988926166	0.00360472201157789	0.00364186048055738	0.0033532787275294	0.00355007573653661	NA
AGTA	0.00225205968980433	0.00263368119686914	0.00354583507089867	0.00374200887724241	0.00290883889254256	0.00314936557979561	NA
AGTC	0.00253333482025032	0.00303894624827714	0.00282236694255399	0.00281784943214199	0.00268006066588496	0.00293607398656726	NA
AGTG	0.00472901557421636	0.00490542832495782	0.00477765372796397	0.00478900226744823	0.00475370651230949	0.00485125743246222	NA
AGTT	0.00315845950443535	0.00371226157277264	0.00483654066864318	0.00510535500670054	0.00401032979449004	0.00436044219710936	NA
ATAA	0.00204141311634258	0.00247985620854143	0.00553777597244572	0.00579297611156421	0.0038163258582844	0.00402138965844705	NA
ATAC	0.00182952744538988	0.00193858001721925	0.00280373944091056	0.00286820028351402	0.00232408174520572	0.00237111514367094	NA
ATAG	0.00131716063288143	0.00162009729490694	0.00301885704053465	0.00307209356626781	0.00218101909413583	0.00229568432071873	NA
ATAT	0.00243296792348325	0.00261911717215267	0.00573426607042638	0.00580542549789246	0.00410885695077059	0.00410164753918203	NA
ATCA	0.00430090739109262	0.00448210869745502	0.00364618322491326	0.00364988341841336	0.00396853963842059	0.00409488965828614	NA
ATCC	0.00377800824991109	0.00373272342568008	0.00282957758835144	0.00269875030293507	0.00329654172731832	0.00325163484402006	NA
ATCG	0.001788017679443	0.0015530546356749	0.0005035434315223	0.000522735899271739	0.00113596015476389	0.00107366637243068	NA
ATCT	0.00358780678505004	0.00353641000160926	0.00425007481045015	0.00429296338552485	0.00392400414363124	0.00388842030672412	NA
ATGA	0.00546194174011417	0.00645607568382008	0.0044369507140342	0.00444083442980151	0.00494160969580427	0.00551842117881256	NA
ATGC	0.00380402929722108	0.00391916701481908	0.00326461988479792	0.00313793698729277	0.00353020055614462	0.00355567512356463	NA
ATGG	0.00570852214081352	0.00552277446355943	0.00406560245546525	0.00391657693886743	0.0048745014159847	0.00477544044488739	NA
ATGT	0.00369684736425377	0.00377954495968594	0.005653146305205	0.00582562116904717	0.0046899536464809	0.00473154639944933	NA
ATTA	0.00217647474285629	0.00238019494849812	0.00506908399561112	0.00516179222472194	0.00364489470710896	0.00367442074502097	NA
ATTC	0.00291869413993624	0.00312958022027305	0.00400851817623539	0.00401133060147688	0.00347193836775581	0.00353984237403712	NA
ATTG	0.00353886243415746	0.0035816668056869	0.00431436973547746	0.00454789915222446	0.00393254519742646	0.00403123685632391	NA
ATTT	0.00371977066783637	0.00364870946491894	0.0104878843123988	0.0107683041943919	0.0071555728545788	0.00696132529124053	NA
CAAA	0.00399794805455498	0.0055734476404655	0.00560627710752154	0.00554191348727783	0.00481440900178264	0.00555877538187659	NA
CAAC	0.00434799309574878	0.00407034399865289	0.00235187230427002	0.00236649001448555	0.00333467143176125	0.00327757223450619	NA
CAAG	0.00559204697666408	0.00680055699570891	0.0038588972759382	0.00369483953570982	0.00471222139387558	0.00535552406883642	NA
CAAT	0.002784252062168	0.00287464960581444	0.0030014313131908	0.00294469484617538	0.00289450212367202	0.00290724036141147	NA
CACA	0.0043448953520214	0.00456925211807259	0.0046959330755928	0.00437941745724881	0.00452309805983862	0.0044809255593675	NA
CACC	0.00579340031894369	0.00516926586362319	0.00380001033525898	0.00365181998961998	0.00478146493714394	0.00446322634749732	NA
CACG	0.0022886130657874	0.00191751634510865	0.00109962348411194	0.000991109478243452	0.00168502789874215	0.00148647635401384	NA
CACT	0.00380279019973012	0.00346082150969236	0.00449283321896448	0.00427747081587192	0.00415308740792439	0.00384079333660072	NA
CAGA	0.0066694422450464	0.00832797413332919	0.00525115280199687	0.00524852294947541	0.0059494540436399	0.00689516241923126	NA
CAGC	0.00811732766322321	0.00889211945437145	0.00497474471309441	0.00488181935885107	0.006522009685555	0.00702620094784107	NA
CAGG	0.00619610700350293	0.00656331986582321	0.00563812412646031	0.00531104653414618	0.00591284952737469	0.00598066023209137	NA
CAGT	0.0049632050000062	0.00519646809160603	0.00488761607637516	0.00495886722757146	0.00492483262584938	0.00508591680147566	NA
CATA	0.00169198762389426	0.00177428337475655	0.0031210078559986	0.00323462722110885	0.00241742326168203	0.0024537543729121	NA
CATC	0.00598855817376855	0.00502458852718351	0.0033150944053801	0.00319949228636023	0.00463138642045656	0.00417540498210288	NA
CATG	0.00481575239858297	0.00449450617304011	0.00437566022475583	0.00423030147433933	0.00459234160310699	0.00437157661039497	NA
CATT	0.00372844435027303	0.00351691105942688	0.00571864300453189	0.00577278044040949	0.00473875966816786	0.00456652538404876	NA
CCAA	0.00467821257708735	0.00542202992895043	0.00385048485584116	0.00372457973638286	0.00425802035455134	0.00463223773066498	NA
CCAC	0.00522217637561506	0.00491505743220838	0.00411066899169934	0.00388351690184019	0.00465792469474884	0.00443510069081633	NA
CCAG	0.00811732766322321	0.00847301256129077	0.00598964310908626	0.00581483170089602	0.00703721825198793	0.00723621014177712	NA
CCAT	0.00448367427100797	0.00409911095656394	0.00400911906338518	0.00390094604269973	0.00424276847277417	0.00400690848509871	NA
CCCA	0.00568807703221282	0.00588506962386179	0.0054440375770788	0.00520259854657564	0.0055641915099485	0.00556752844665602	NA
CCCC	0.00552141841967984	0.00524401180865568	0.00467069581530171	0.00463310828531559	0.00508955294904285	0.00495976969141907	NA
CCCG	0.00323466400012887	0.00284672519478781	0.00129911801784154	0.00127827532288175	0.00225209286321746	0.00211695446121507	NA
CCCT	0.00568250109350354	0.0047910826763574	0.00526317054499263	0.00512817888163566	0.00546962984293002	0.00494792730965865	NA
CCGA	0.00225453788478624	0.00231218937854103	0.000718060143996597	0.000698687226044338	0.00147455193021715	0.00156145665157299	NA
CCGC	0.00360825189365074	0.00290943475575709	0.000950603470964532	0.000990279519154902	0.00225910872883496	0.00201648729856286	NA
CCGG	0.00349921131444701	0.00304484407646811	0.00102631525183781	0.00101559327135568	0.00224385684705779	0.0021006711862945	NA
CCGT	0.00194786125577574	0.00156617429430379	0.000978845167004565	0.000941865238989486	0.001455944634449	0.00127569483083254	NA
CCTA	0.00250111828548558	0.00234300252174283	0.00261866619877587	0.00257024497072458	0.00256079095038746	0.00244873423281801	NA
CCTC	0.00602882884222448	0.00528156532693287	0.0054488446742771	0.00511351627107128	0.00573440251058176	0.00520337520752326	NA
CCTG	0.0104685151523037	0.00789803449459163	0.00666864558834664	0.0065017611731859	0.00853952860703954	0.00724837432738972	NA
CCTT	0.00454500959681007	0.00400462534166781	0.00555700436123893	0.00556778054553764	0.00505874414785296	0.00473193256407195	NA
CGAA	0.00130167191424454	0.00157171103097287	0.000537193111910425	0.00053753683635088	0.000913587718452703	0.00109052889428518	NA
CGAC	0.00190635148982887	0.00181737362970281	0.000362334951322132	0.000402391831431989	0.00112253849879998	0.00115900875403019	NA
CGAG	0.00295586706466478	0.0031282562180261	0.000821412733760123	0.000834108883992745	0.00187232100696584	0.00206083186939398	NA
CGAT	0.00107181932967304	0.00113045719121589	0.000459077782437991	0.000492165739510147	0.000760763863045423	0.00083347197715965	NA
CGCA	0.00185740713893628	0.00185251987116736	0.000642348363123315	0.000644601558773829	0.00124058806375531	0.00129049780803306	NA
CGCC	0.00356426393272196	0.00293832207750878	0.00108460130536724	0.00109042791583994	0.00230547444943757	0.00207853108126416	NA
CGCG	0.00171924776869519	0.00121001768987366	0.000257780587259029	0.000286335885549748	0.000977340584281289	0.000780245620008219	NA
CGCT	0.00279044754962276	0.00198816991955964	0.000766131115979632	0.000793994194712829	0.00176281249580573	0.0014325420283876	NA
CGGA	0.00240137093746399	0.00251536354152787	0.000686814012207623	0.000696335675293446	0.00153098389279269	0.00166900349897328	NA
CGGC	0.00412867283985037	0.00344866476178852	0.000849654429800157	0.000861359207400137	0.00246409401992018	0.00224483931207347	NA
CGGG	0.00345894064599109	0.00299380980804014	0.00116932639348734	0.00115087660278933	0.00229662835800681	0.00213632705311662	NA
CGGT	0.00148567789165084	0.00122602608067772	0.000609900457034766	0.000614584705071271	0.00104109345010987	0.000941533710723438	NA
CGTA	0.00056069161465555	0.000596282466491008	0.000526377143214242	0.000502263575087505	0.000543272028902926	0.000552537214201976	NA
CGTC	0.0018902432224465	0.00151189020217875	0.000694024658005079	0.000709753347225004	0.00128298829509585	0.00113867075057209	NA
CGTG	0.00324333768256553	0.00235744618261867	0.00133156592393009	0.00126845414033391	0.00227283542243442	0.00185075831468748	NA
CGTT	0.00102287497878046	0.000917533557137859	0.000856264188447824	0.000844206719570103	0.000938295766931724	0.000883415935018792	NA
CTAA	0.00142620121208517	0.00190018395205764	0.00335655561871547	0.0034346473614494	0.00240613686916692	0.0026141414128412	NA
CTAC	0.00441180661653278	0.00327028554997188	0.00223469931006137	0.0022909637374275	0.00330660796929125	0.00281462521275257	NA
CTAG	0.00116103434902155	0.00149684472209975	0.00247865949287528	0.00251228616104084	0.0018299207756253	0.00196931085383251	NA
CTAT	0.00270990621271091	0.00239174987719879	0.00291790799937027	0.00294621643783772	0.00281549737606626	0.00264973291889288	NA
CTCA	0.00491488019785909	0.00490109522669506	0.00476263154921927	0.0045295017257616	0.00483759186208394	0.0047281996393866	NA
CTCC	0.00563665448633833	0.00529131479802406	0.00523072263890408	0.0049670284919422	0.00543058502558046	0.00514043037403584	NA
CTCG	0.00202344620272378	0.00181629035513712	0.000888712094536373	0.00089345095882407	0.00144740358065378	0.00138691024214774	NA
CTCT	0.00511933128386608	0.00426629633120181	0.00578894680105708	0.00560167054165343	0.00545925856332154	0.00488762126775915	NA
CTGA	0.005759944686688	0.00619079377906712	0.00519527029706659	0.00499939689639565	0.00547329029455654	0.00563645883179409	NA
CTGC	0.00938182665273921	0.00719667439522887	0.00534729474596294	0.00532833734849097	0.00733371483373619	0.0063273717024357	NA
CTGG	0.0107597030626773	0.00807605261488638	0.00632914434871644	0.00599562445568516	0.00851055003166291	0.00710806784783698	NA
CTGT	0.00586464842467341	0.0047361967650292	0.00666083405539939	0.00665627189017096	0.00626882844805392	0.00562957222935733	NA
CTTA	0.00180350639807989	0.00204847220371628	0.00390516558647187	0.00392252497900203	0.00287040415046408	0.00292043431935106	NA
CTTC	0.00692469632818241	0.00539362406256127	0.00496633229299738	0.00487006160509661	0.00593054171023621	0.00515002012883095	NA
CTTG	0.00361196918612359	0.00349729175340386	0.0048707912361811	0.00499815195776283	0.00425100448893384	0.00419561426402011	NA
CTTT	0.00467759302834188	0.00401028244217751	0.00827661960117918	0.00840956046473283	0.00650462254032903	0.00605718518814101	NA
GAAA	0.00518872074335937	0.00773746913118852	0.00672993607762501	0.00683927786919623	0.00597111171576349	0.00731955733949309	NA
GAAC	0.00364976165959762	0.00431901569339863	0.00275747113037689	0.00274384474674628	0.0031967944204956	0.00358611776798135	NA
GAAG	0.00725987219948478	0.0100276319268939	0.00455051838534412	0.00457584110820564	0.00588448102726914	0.00749101443193736	NA
GAAT	0.00341433313631683	0.00403387375494139	0.00433299723712089	0.00447181956910737	0.00388068879938407	0.0042376418471155	NA
GACA	0.00469432084446972	0.00500496922116049	0.00333131835842438	0.00314319339485359	0.00400239881596591	0.00413871934295377	NA
GACC	0.00464351784734071	0.00446995194955118	0.00249187901017062	0.00240203992877844	0.00355124815299712	0.00350779071035948	NA
GACG	0.00224648375109505	0.00209661773996909	0.000600887149787947	0.000606285114185771	0.00141110410202411	0.00140319351706832	NA
GACT	0.00360577369866884	0.00360164720323182	0.00319852229832124	0.00317777502354317	0.00339903437286092	0.00340442731303759	NA
GAGA	0.00554743946698982	0.00726756869736113	0.00458416806573225	0.00454789915222446	0.00505843911021742	0.00600215672941734	NA
GAGC	0.00554434172326244	0.00605285681770282	0.0033102873081818	0.0031856596348844	0.00441023413468754	0.0047188029669028	NA
GAGG	0.00619734610099388	0.00734616628529384	0.00472778009453157	0.00460779453311481	0.00545132758479741	0.00607205252611197	NA
GAGT	0.00318757829547271	0.00351269832500476	0.00322496133291191	0.00323725542488926	0.00320655562483299	0.00338453983497255	NA
GATA	0.00197945824179501	0.00244735797157078	0.00263849547471888	0.00265420916518288	0.00231401550323279	0.0025436020084422	NA
GATC	0.00319563242916389	0.00342399017445896	0.00208507840976418	0.00204820070402663	0.00263186471946909	0.00278386076448367	NA
GATG	0.00582066046374463	0.00658486499329634	0.0036143362059745	0.00360575726020545	0.00470062996372492	0.00519874123205179	NA
GATT	0.00298932269692047	0.00322334365212539	0.00402053591923115	0.00410912744741103	0.00351281341091864	0.00363548247890656	NA
GCAA	0.00363241429472429	0.00430697930933543	0.00307473954546492	0.00301275149143648	0.00334931323826734	0.00370479902866725	NA
GCAC	0.00379411651729346	0.00366556040260742	0.00291971066081963	0.00274716458310048	0.00335022835117397	0.00323824780376916	NA
GCAG	0.00732802256148712	0.00848962277129799	0.00481370695695124	0.00473187341685304	0.00605164165154697	0.00674121145634586	NA
GCAT	0.00334308503058712	0.00311742347236922	0.00328505004789071	0.00331374998755061	0.00331362383490875	0.003208770570909	NA
GCCA	0.00622088895332196	0.00621835709857185	0.00427531207074124	0.00411217063073571	0.00523322567538383	0.00523838746664101	NA
GCCC	0.00638506937087303	0.00573798501060947	0.00392619663671444	0.00376953585367932	0.00513683378255209	0.00482210200345424	NA
GCCG	0.00380526839471203	0.00314883843477417	0.00100047710439693	0.000996780865348544	0.0023814288206879	0.00214752582717267	NA
GCCT	0.00621097617339435	0.00504577256313475	0.00510754077319755	0.00480366487801261	0.00565082219844284	0.00493312433245813	NA
GCGA	0.00164614101672906	0.00171253672451232	0.000469292863984387	0.000517756144740439	0.00104871939099846	0.00115662740552402	NA
GCGC	0.00299056179441142	0.00228510751439883	0.000620115538581161	0.000676001677623971	0.00178721550664921	0.00153642031187299	NA
GCGG	0.00365967443952523	0.00338944575219757	0.000825618943808639	0.000881278225525336	0.00222097902439203	0.00222244176396138	NA
GCGT	0.00154577411996198	0.00123890501162534	0.000763727567380481	0.000756922688757595	0.00114877173545672	0.00101464754593991	NA
GCTA	0.00251165061415867	0.00235624254421235	0.00220285229112261	0.00230825455177229	0.00235489054639561	0.00233391461835833	NA
GCTC	0.00489071779678553	0.00433382044579637	0.00315405664923693	0.00305535605798205	0.00400910964394787	0.00373897459776932	NA
GCTG	0.0105205572469236	0.00855076760233905	0.00553176710094784	0.00538505121954188	0.00798802056197694	0.00707781828573157	NA
GCTT	0.00393413453377098	0.00352605871131491	0.00428132094223912	0.004353550398989	0.0041103821389483	0.00391107529791796	NA
GGAA	0.00565771914368451	0.00701709154500591	0.0050204121364783	0.00500617489561881	0.00533419313274872	0.00608144919859578	NA
GGAC	0.00511995083261156	0.00482093290883414	0.00273824274158367	0.00254382460640573	0.00391088752530287	0.00376143650665185	NA
GGAG	0.00796615776932713	0.00887021323537643	0.00498195535889187	0.00483133018096428	0.00645124095410892	0.00699099560641201	NA
GGAT	0.00404627285670209	0.00405999270835853	0.00310658656440369	0.00306822042385457	0.00356924537349418	0.0035985393966757	NA
GGCA	0.00527917486019883	0.00510150102134737	0.00385949816308798	0.00375376663099687	0.00455848242556167	0.00447442512155336	NA
GGCC	0.00730014286794071	0.00612459366671951	0.00390576647362166	0.0036696641100238	0.00557700309064132	0.00498236032184247	NA
GGCG	0.00339202938147971	0.00287007577987042	0.000900128950382344	0.000995812579745236	0.00212702743264464	0.00199801575744743	NA
GGCT	0.00612547844651869	0.00490663196336414	0.00430836086397958	0.00409073002094817	0.00520302694946503	0.00452700787100042	NA
GGGA	0.00492974936775051	0.00490578941647971	0.00470434549568984	0.00453461980680766	0.00481532411468927	0.00473309105793982	NA
GGGC	0.00610627243540895	0.00463641514114526	0.00366541161370648	0.00348250833555578	0.00486718051273166	0.00409952363375761	NA
GGGG	0.00486841404194841	0.00400005151572379	0.00442493297103844	0.00429420832415767	0.00464328288824275	0.00413691724138153	NA
GGGT	0.00276752424604015	0.00219002008029953	0.00335655561871547	0.00323089240521037	0.00306654335011854	0.00267431873319983	NA
GGTA	0.00151789442641558	0.00149479853680901	0.00221126471121964	0.00224144284514402	0.00186988070588149	0.00184219833221936	NA
GGTC	0.0029478129309736	0.00250477152355225	0.00231702084958232	0.00222235378610737	0.00262759419257148	0.00237336777063624	NA
GGTG	0.00607095815691683	0.00492215889880567	0.00415032754358535	0.00401589537646391	0.00509595873938927	0.00450049123358036	NA
GGTT	0.00246766265322989	0.00224129507640877	0.0034845445816203	0.00360354403596932	0.00298387815088626	0.00287512433696339	NA
GTAA	0.00116599073898535	0.00160914418540942	0.00361553798027408	0.00382431315352362	0.0024094922831579	0.00263982136024557	NA
GTAC	0.00239517545000923	0.00209276609706886	0.00199073912724747	0.00202523850257675	0.0021898651855666	0.00206134675555747	NA
GTAG	0.00118643584758605	0.00145592101628487	0.00264931144341506	0.00267039336740961	0.00192905800717693	0.00202099255249345	NA
GTAT	0.00198441463175881	0.00191534979597727	0.0036245512875209	0.00382611139821548	0.00281702256424398	0.00280439185025308	NA
GTCA	0.00344654967108157	0.00334178167130729	0.0031456442291399	0.00309422580862914	0.00329379638859843	0.00322659850432006	NA
GTCC	0.00353700378792103	0.00318109594406355	0.00265532031491294	0.00259445211080728	0.0030894211727843	0.00290814141219759	NA
GTCG	0.00126759673324337	0.00116452015811476	0.000441051167944353	0.000475566557739147	0.000848004626810856	0.000843962782740887	NA
GTCT	0.00309650462988778	0.00277595125649619	0.00380541831960707	0.00376621601732512	0.0034563814483431	0.00323670314527867	NA
GTGA	0.00439322015416851	0.00436583722740449	0.0041028574587521	0.00416680960406525	0.00424581884912961	0.00427323335316718	NA
GTGC	0.00490992380789528	0.00389533497437394	0.00340102126779978	0.00321595314161647	0.00414393627885809	0.00357923116554459	NA
GTGG	0.00729580602672238	0.00606080083118454	0.00464786210360977	0.00459022706574051	0.00595158930708871	0.00537657004076933	NA
GTGT	0.00390873303520648	0.00310009107931821	0.00503122810517448	0.00500119514108751	0.00447856256504928	0.0039846396585275	NA
GTTA	0.00148939518412369	0.00167149265485681	0.00310418301580453	0.00332813594508548	0.00230913490106409	0.0024422981557743	NA
GTTC	0.00326935872987551	0.00298718979680538	0.00305911647957044	0.00311082499040014	0.00316263020531473	0.00304471496706498	NA
GTTG	0.00265476637436357	0.0027444159302506	0.00352360224635652	0.0037128219826284	0.00309582696313071	0.00319499736603547	NA
GTTT	0.00322722941518316	0.00296299666483834	0.00696608472749167	0.00722451721279819	0.00512524235240144	0.00494580340423423	NA
TAAA	0.00214487775683703	0.0031489587986148	0.00824116725934169	0.00871927353127673	0.00523963146573024	0.00574072327990209	NA
TAAC	0.00129113958557145	0.00135938921609799	0.00274905871027986	0.00285990069262852	0.00203124561508399	0.00205754947010169	NA
TAAG	0.00131592153539048	0.00186744498740573	0.00347072417717518	0.0035873598337426	0.00240979732079344	0.00266768957384481	NA
TAAT	0.0015761320084903	0.00181857726810913	0.00546687128877074	0.00562988915066413	0.00355124815299712	0.00359191023732069	NA
TACA	0.00363179474597882	0.00343012873033119	0.00391958687806678	0.00401271386662447	0.00377789111620592	0.00370119482552278	NA
TACC	0.00310765650730634	0.00259022985040099	0.00233624923837554	0.00238239756368276	0.00271605510687909	0.00249352932904219	NA
TACG	0.00129113958557145	0.00111709680490574	0.000459678669587779	0.000468096925942197	0.000869052223663356	0.000815129157585094	NA
TACT	0.00296082345462859	0.00244025650497349	0.00377116775206915	0.00389195481924044	0.0033721910609331	0.00311570489685704	NA
TAGA	0.00153710043752532	0.00232193884963222	0.00365579741930987	0.00367146235471566	0.00261264734842985	0.00294984719144079	NA
TAGC	0.00122794561353293	0.00140031292191288	0.0025075020760651	0.00246456351344921	0.00187750664677008	0.00189548905014122	NA
TAGG	0.000811608856573226	0.000931495762651172	0.00274785693598028	0.00269446218097756	0.00179453640990225	0.00175177144975532	NA
TAGT	0.0010984599257285	0.00129162437382216	0.00308916083705984	0.00336797398133588	0.00210903021214757	0.00225771146616088	NA
TATA	0.00168641168518498	0.00167426102319134	0.00504685117106897	0.00523206209421917	0.00339232354487897	0.00332964009778975	NA
TATC	0.00205318454250662	0.0020312601745059	0.00252012070621065	0.00256277533892763	0.0022902225676604	0.00227856435578248	NA
TATG	0.00323342490263791	0.00317303156674121	0.00386730969603523	0.00386913094430532	0.00355521364225918	0.00349691374015562	NA
TATT	0.00289267309262625	0.00257554546184388	0.00736447290780108	0.00752689897405991	0.00516276198157329	0.00487931872837277	NA
TCAA	0.00404255556422924	0.00464736825064277	0.00396465341430087	0.00385239343601956	0.004003008891237	0.00427748116401602	NA
TCAC	0.00386536462302317	0.0033015801485362	0.00365459564501029	0.00353216755435402	0.00375836870753114	0.00340886820619775	NA
TCAG	0.00509269068781063	0.00583897027289973	0.00518445432837041	0.00513620181949164	0.00513927408363644	0.00551198510176886	NA
TCAT	0.00460386672763026	0.00377184167388549	0.00468331444544726	0.00471887072446576	0.00464419800114938	0.00421247678587461	NA
TCCA	0.00522899141181529	0.00546656454998427	0.00451867136640536	0.00431800048469611	0.00486840066327383	0.00493215892090158	NA
TCCC	0.00420859462801674	0.0038865484140078	0.00492366930536244	0.00476866826977876	0.00457159904389003	0.00429698247745844	NA
TCCG	0.00207115145612542	0.00194411675388832	0.000745700952886842	0.000736727017602879	0.00139829252133128	0.00138234062744671	NA
TCCT	0.00642472049058348	0.00507056751430494	0.00588989584222146	0.00578675141840008	0.00615321918418294	0.0054037946466642	NA
TCGA	0.00152470946261581	0.00171759200581887	0.000486117704178449	0.000516926185651889	0.000997473068227158	0.00115894439325975	NA
TCGC	0.00163808688303787	0.00131906732948626	0.000549811742055971	0.000543484876485488	0.00108562894489922	0.000958203150266631	NA
TCGG	0.00204265221383353	0.0018211049087624	0.000712652159648505	0.000716254693418646	0.00136748372014139	0.00130703852603538	NA
TCGT	0.00161826132318265	0.00121170278364251	0.000709046836749777	0.000742813384252246	0.00115670271398085	0.000993537213236565	NA
TCTA	0.00258042052490648	0.00223347142676769	0.00345450022413091	0.00353949885963621	0.00302414311877799	0.00284114185017263	NA
TCTC	0.00392050446137052	0.00363944144919027	0.00497714826169356	0.0048465460975877	0.00445690489292569	0.00420108492950726	NA
TCTG	0.00568993567844924	0.00511462067997626	0.00644571645577531	0.00627974711699878	0.0060736043613061	0.00565673247448176	NA
TCTT	0.00492107568531385	0.00385766109225612	0.00694084746720058	0.0069217204719922	0.00594640366728447	0.00528331128440606	NA
TGAA	0.00563727403508381	0.00725131957887581	0.00629008668398023	0.0064303846915706	0.00596867141467914	0.006869353750286	NA
TGAC	0.00430090739109262	0.00403495702950708	0.00322255778431276	0.00319437420531417	0.00375348810536244	0.00364384937906338	NA
TGAG	0.00448305472226249	0.00505756821951668	0.00501260060353105	0.00496813510406027	0.00475187628649623	0.0050159566440106	NA
TGAT	0.00441738255524206	0.00466638573746263	0.00448922789606575	0.00452258540002368	0.00445385451657025	0.00459947809851253	NA
TGCA	0.00541299738922159	0.00545982417490888	0.0049254719668118	0.00482150899841644	0.00516550732029318	0.00516282792214792	NA
TGCC	0.00628532202285144	0.00521464303154146	0.00493628793550798	0.00467834105564156	0.00560049098857817	0.00496511163536534	NA
TGCG	0.00229109126076931	0.00190836869322061	0.000773341761777088	0.000766605544790679	0.00152061261318421	0.00137712740504131	NA
TGCT	0.00747733380914677	0.00559451131257611	0.00547528370886777	0.00562200453932291	0.00646100215844631	0.00560730340278611	NA
TGGA	0.00859995613594882	0.00871735115777376	0.00522411288025641	0.00514920451187893	0.00688622462239391	0.00705715847842128	NA
TGGC	0.0075250390625484	0.00589806891865005	0.0043972921621482	0.00422974816828029	0.00593725253821816	0.00512183011137953	NA
TGGG	0.00660686782175335	0.00493323237214381	0.00591393132821297	0.00574165697458887	0.00625510175445446	0.00530937739643306	NA
TGGT	0.00565709959493903	0.0042767679853368	0.00458476895288203	0.00459119535134381	0.00511273580934416	0.0044230652267446	NA
TGTA	0.00240137093746399	0.00234841889457127	0.00560747888182112	0.00587458875527162	0.0040289370902582	0.00398908055168765	NA
TGTC	0.00397626384846333	0.00340774105597364	0.0042074118228152	0.00418119556160012	0.00409360506899341	0.0037676151406138	NA
TGTG	0.00646437161029393	0.00523678997821776	0.00692582528845588	0.00689834329099804	0.00669862647653467	0.00600988002186979	NA
TGTT	0.00399175256710023	0.00349500484043185	0.00747683880481142	0.00782845077623307	0.00576094078487404	0.00551127713329405	NA
TTAA	0.00186608082137294	0.00240655462959653	0.00745100065737054	0.00778197306727427	0.00470124003899601	0.00490763746736507	NA
TTAC	0.00235490478155331	0.00227608022635142	0.003459908208479	0.0035700690193978	0.00291585475816006	0.00287814929317393	NA
TTAG	0.00116908848271273	0.00151441784283203	0.00385168663014074	0.00394078407895013	0.0025308972621042	0.00264336120261961	NA
TTAT	0.00273840545500279	0.0025278813809536	0.00651962557519922	0.00661103911984499	0.00465792469474884	0.00442769920221607	NA
TTCA	0.00494214034266002	0.00483477475050682	0.00595659431584792	0.00598801649737346	0.00545712329987274	0.00537135681836393	NA
TTCC	0.00498179146237047	0.00416266306441764	0.00535690894035955	0.00534687310146858	0.00517221814827513	0.00471365410526783	NA
TTCG	0.0017446492672597	0.00153560187878326	0.000624321748629677	0.000626480785340488	0.00117592008502009	0.00111260463854509	NA
TTCT	0.00530829365123619	0.00426653705888307	0.00796836449333796	0.00792223615323922	0.00665866654627848	0.00596746627415178	NA
TTGA	0.00354753611659412	0.00432744116224287	0.0052992237739799	0.00552794250928724	0.00443677240897982	0.00488601224849822	NA
TTGC	0.00337096472413353	0.00316617082782518	0.00409624770010443	0.00420623266077137	0.0037391513364919	0.00365009237379577	NA
TTGG	0.00462493138497644	0.00416579252427408	0.00506848310846133	0.00520329017914944	0.00485009840514123	0.00464852100558555	NA
TTGT	0.00336353013918782	0.00287212196516117	0.00687054367067538	0.00729672365350204	0.00514384964816959	0.0049308073447224	NA
TTTA	0.0026591032155819	0.00262477427266237	0.00921941153919647	0.00951423601159287	0.0059894139738961	0.00583031347235045	NA
TTTC	0.00386412552553222	0.0032891826729511	0.00787222254937189	0.00790010391087789	0.00589881779613969	0.0054345590949331	NA
TTTG	0.00510136437024729	0.00470803162632131	0.00862573503520598	0.00897822076690433	0.00689049514929152	0.00669487170163119	NA
TTTT	0.00436967730184043	0.00356289004654831	0.0184153884795512	0.0190211407179035	0.0114999188599889	0.0107553283477335	NA
AATT	0.0027433618449666	0.00342435126598086	0.00677560350100889	0.00707567788291822	0.00479031102857471	0.00512324604832915	AATT
ACCT	0.00522527411934244	0.00461980493113804	0.00402173769353073	0.00402460994689368	0.00461430431286612	0.00434287170678005	ACCT
ACTT	0.00361754512483288	0.00356132531662009	0.00523913505900111	0.00535724759007546	0.00444073789824188	0.00439693475394717	ACTT
ATCT	0.00358780678505004	0.00353641000160926	0.00425007481045015	0.00429296338552485	0.00392400414363124	0.00388842030672412	ATCT
ATTC	0.00291869413993624	0.00312958022027305	0.00400851817623539	0.00401133060147688	0.00347193836775581	0.00353984237403712	ATTC
ATTG	0.00353886243415746	0.0035816668056869	0.00431436973547746	0.00454789915222446	0.00393254519742646	0.00403123685632391	ATTG
ATTT	0.00371977066783637	0.00364870946491894	0.0104878843123988	0.0107683041943919	0.0071555728545788	0.00696132529124053	ATTT
CATC	0.00598855817376855	0.00502458852718351	0.0033150944053801	0.00319949228636023	0.00463138642045656	0.00417540498210288	CATC
CATT	0.00372844435027303	0.00351691105942688	0.00571864300453189	0.00577278044040949	0.00473875966816786	0.00456652538404876	CATT
CCAT	0.00448367427100797	0.00409911095656394	0.00400911906338518	0.00390094604269973	0.00424276847277417	0.00400690848509871	CCAT
CCCT	0.00568250109350354	0.0047910826763574	0.00526317054499263	0.00512817888163566	0.00546962984293002	0.00494792730965865	CCCT
CCTC	0.00602882884222448	0.00528156532693287	0.0054488446742771	0.00511351627107128	0.00573440251058176	0.00520337520752326	CCTC
CCTG	0.0104685151523037	0.00789803449459163	0.00666864558834664	0.0065017611731859	0.00853952860703954	0.00724837432738972	CCTG
CCTT	0.00454500959681007	0.00400462534166781	0.00555700436123893	0.00556778054553764	0.00505874414785296	0.00473193256407195	CCTT
CTAT	0.00270990621271091	0.00239174987719879	0.00291790799937027	0.00294621643783772	0.00281549737606626	0.00264973291889288	CTAT
CTCC	0.00563665448633833	0.00529131479802406	0.00523072263890408	0.0049670284919422	0.00543058502558046	0.00514043037403584	CTCC
CTCT	0.00511933128386608	0.00426629633120181	0.00578894680105708	0.00560167054165343	0.00545925856332154	0.00488762126775915	CTCT
CTGG	0.0107597030626773	0.00807605261488638	0.00632914434871644	0.00599562445568516	0.00851055003166291	0.00710806784783698	CTGG
CTTC	0.00692469632818241	0.00539362406256127	0.00496633229299738	0.00487006160509661	0.00593054171023621	0.00515002012883095	CTTC
CTTG	0.00361196918612359	0.00349729175340386	0.0048707912361811	0.00499815195776283	0.00425100448893384	0.00419561426402011	CTTG
CTTT	0.00467759302834188	0.00401028244217751	0.00827661960117918	0.00840956046473283	0.00650462254032903	0.00605718518814101	CTTT
TACT	0.00296082345462859	0.00244025650497349	0.00377116775206915	0.00389195481924044	0.0033721910609331	0.00311570489685704	TACT
TATT	0.00289267309262625	0.00257554546184388	0.00736447290780108	0.00752689897405991	0.00516276198157329	0.00487931872837277	TATT
TCAT	0.00460386672763026	0.00377184167388549	0.00468331444544726	0.00471887072446576	0.00464419800114938	0.00421247678587461	TCAT
TCCA	0.00522899141181529	0.00546656454998427	0.00451867136640536	0.00431800048469611	0.00486840066327383	0.00493215892090158	TCCA
TCCC	0.00420859462801674	0.0038865484140078	0.00492366930536244	0.00476866826977876	0.00457159904389003	0.00429698247745844	TCCC
TCCT	0.00642472049058348	0.00507056751430494	0.00588989584222146	0.00578675141840008	0.00615321918418294	0.0054037946466642	TCCT
TCTA	0.00258042052490648	0.00223347142676769	0.00345450022413091	0.00353949885963621	0.00302414311877799	0.00284114185017263	TCTA
TCTC	0.00392050446137052	0.00363944144919027	0.00497714826169356	0.0048465460975877	0.00445690489292569	0.00420108492950726	TCTC
TCTG	0.00568993567844924	0.00511462067997626	0.00644571645577531	0.00627974711699878	0.0060736043613061	0.00565673247448176	TCTG
TCTT	0.00492107568531385	0.00385766109225612	0.00694084746720058	0.0069217204719922	0.00594640366728447	0.00528331128440606	TCTT
TTAT	0.00273840545500279	0.0025278813809536	0.00651962557519922	0.00661103911984499	0.00465792469474884	0.00442769920221607	TTAT
TTCA	0.00494214034266002	0.00483477475050682	0.00595659431584792	0.00598801649737346	0.00545712329987274	0.00537135681836393	TTCA
TTCC	0.00498179146237047	0.00416266306441764	0.00535690894035955	0.00534687310146858	0.00517221814827513	0.00471365410526783	TTCC
TTCT	0.00530829365123619	0.00426653705888307	0.00796836449333796	0.00792223615323922	0.00665866654627848	0.00596746627415178	TTCT
TTGG	0.00462493138497644	0.00416579252427408	0.00506848310846133	0.00520329017914944	0.00485009840514123	0.00464852100558555	TTGG
TTTA	0.0026591032155819	0.00262477427266237	0.00921941153919647	0.00951423601159287	0.0059894139738961	0.00583031347235045	TTTA
TTTC	0.00386412552553222	0.0032891826729511	0.00787222254937189	0.00790010391087789	0.00589881779613969	0.0054345590949331	TTTC
TTTG	0.00510136437024729	0.00470803162632131	0.00862573503520598	0.00897822076690433	0.00689049514929152	0.00669487170163119	TTTG
TTTT	0.00436967730184043	0.00356289004654831	0.0184153884795512	0.0190211407179035	0.0114999188599889	0.0107553283477335	TTTT
